8.5312500000000128e+01 1.1510237207801310e-13 -4.9462009499410293e+01 -4.0994985184283905e-14 -1.2350054459913531e+01 4.1272540940440194e-14 -5.4773903787383524e+00 -1.1957101975212936e-13 -3.0718630484738187e+00 2.6989521728637555e-13 -1.9583424585783620e+00 -6.7029715111743826e-14 -1.3533542609877891e+00 3.9690473130349346e-15 -9.8844619883995266e-01 -1.0380585280245214e-13 -7.5148179137244508e-01 -2.5257573810222311e-14 -5.8888924770159878e-01 1.0630385460785874e-14 -4.7245179840036367e-01 2.6589841439772499e-14 -3.8615974318210167e-01 9.1426866077881641e-14 -3.2038024541275550e-01 7.5606187976973160e-14 -2.6903485366197799e-01 -6.5059069243034173e-14 -2.2813376164820726e-01 -1.1271539257506902e-13 -1.9496957896574482e-01 -1.1851630787873546e-14 -1.6765203572873658e-01 1.3961054534661343e-14 -1.4482826596822751e-01 2.5840440898150518e-14 -1.2550864297239800e-01 -9.2509333526891169e-14 -1.0895496690217138e-01 1.3306022950132501e-13 -9.4606720579486103e-02 5.5816462563029745e-14 -8.2031250000027436e-02 7.3330230776491589e-14 -7.0889370184260350e-02 1.2674583604876943e-13 -6.0911144120090063e-02 1.1231293672864240e-13 -5.1878506452706585e-02 2.8936575358073924e-13 -4.3612573792179046e-02 3.3500979768064099e-14 -3.5964212157723316e-02 1.1712852909795402e-14 -2.8806895270817874e-02 8.0074835651089415e-15 -2.2031187191612761e-02 -2.1573021147247573e-14 -1.5540379638490760e-02 8.0404433111525009e-14 -9.2469448510867081e-03 -7.2381337035132276e-14 -3.0695515572032404e-03 -4.5849999776828651e-14
1.0828837826437621e-13 4.0074578832622301e+01 -7.4856787435351180e-14 -1.7529489430011903e+01 -3.0059288391726113e-14 -6.3000670876899747e+00 -8.0491169285323849e-15 -3.2061762633420239e+00 -1.1712852909795402e-14 -1.9328900562561586e+00 5.2735593669694936e-15 -1.2882675888612030e+00 -2.2121193765656244e-14 -9.1742164332032683e-01 -1.7735812818386876e-14 -6.8465265137077957e-01 -5.9674487573602164e-15 -5.2898782205048123e-01 3.0503377601576176e-14 -4.1973287998763587e-01 -3.3584246494910985e-15 -3.4006897985427109e-01 4.6629367034256575e-15 -2.8015316282757030e-01 1.4266365866433262e-14 -2.3391328845211867e-01 -1.9068080447937064e-14 -1.9743804469718110e-01 6.3837823915946501e-15 -1.6811530986005058e-01 -4.9210635566510064e-14 -1.4414618607438015e-01 1.6570078642530461e-14 -1.2425852736970341e-01 -1.3405943022348765e-14 -1.0753156319601909e-01 1.3836154444391013e-14 -9.3284961419096049e-02 -9.4091401336982017e-15 -8.1006611671092160e-02 -9.6589403142388619e-15 -7.0304404539649187e-02 6.0784710598227321e-15 -6.0873291416068454e-02 2.5493496202955157e-14 -5.2472312035227064e-02 -5.4817261840867104e-15 -4.4908263934441528e-02 3.0225821845419887e-14 -3.8023881457552158e-02 1.7597034940308731e-14 -3.1689126611596299e-02 -4.2674197509029455e-15 -2.5794656459313739e-02 6.5780714209040525e-15 -2.0246828420468661e-02 -3.3410774147313305e-14 -1.4963798356643465e-02 -4.7649384438130937e-14 -9.8723940943662089e-03 1.1010289902024795e-14 -4.9055319504308255e-03 -3.9240312388333365e-14 -7.9619174620894498e-15
-4.9462009499410279e+01 -8.5920768034989744e-14 4.9523571199932064e+01 3.1270896629506993e-14 3.4344419484194469e-14 4.6704648161174243e-16 -1.2451112345780413e-13 9.1673917705771307e-14 2.4879139418010200e-14 -1.6578407663690193e-13 7.5554290755228169e-14 3.4080278086987943e-14 -9.1772186939856349e-14 2.8090022529532224e-15 -7.0604787178168978e-15 5.8834865927027913e-14 -1.0426379426899218e-13 7.9009204898742490e-15 5.3301987910225344e-14 1.0440884931626649e-14 1.3979290347114944e-14 -3.2927341253430651e-14 -5.5391051985093214e-15 -2.1612163659015827e-14 5.6951183292068980e-14 -4.6482953151344466e-14 -3.4594825812215356e-15 4.1267664275895066e-14 -8.9190285250298625e-14 6.6559231717708506e-14 -3.3106239145566971e-15 3.9294560157244075e-15 -7.1434143922862445e-14 2.7007086405684132e-15 1.5512800774528431e-13 -1.1180645350418738e-14 2.7476519112889263e-14 3.5582639436937140e-14 5.2783845426252842e-14 -7.7171893683086946e-14 3.0432713390903418e-14 -3.7303334375171185e-14 5.3403462207946006e-15 -6.3034720468661803e-14 1.3804127102708037e-14 -8.3402013619157134e-14 2.9657517152874581e-14 -5.7732917635111015e-14 1.4679592476112394e-13 -1.6805893691058389e-13 6.2367887551286645e-14 -2.7129108114024252e-14 -1.3390220122917156e-14 6.9072622166502983e-15 -2.7893692861569432e-14 -9.1931761452846983e-15 1.9302459041291718e-14 8.1970927956441344e-15 5.3668365741758692e-15 -5.3302555576993539e-14 -1.0263251692108026e-13 5.4201130570176360e-14 4.1865537044026489e-14 3.2081401369748024e-14
-3.4132419113319656e-14 -1.7529489430011907e+01 4.1903980285695752e-14 2.0087196499523429e+01 1.5244749906884181e-14 -6.9942590034095675e-01 5.9535709695524019e-15 -3.5594584762780546e-01 1.0425688090620611e-14 -2.1458713836534696e-01 -3.8163916471489756e-15 -1.4302192431886893e-01 3.8892500331400015e-15 -1.0185105173332154e-01 6.2623517482762736e-15 -7.6009317113678698e-02 4.0176195703622852e-15 -5.8727594255289881e-02 -2.5830032557294658e-14 -4.6598241479317216e-02 7.4211470302287807e-15 -3.7754050727065752e-02 -1.8665624601510444e-15 -3.1102268502347576e-02 -5.1347814888913490e-16 -2.5968773046416919e-02 2.9178048865929895e-15 -2.1919335183552852e-02 6.2762295360840881e-15 -1.8663960291727809e-02 2.1038726316646716e-14 -1.6002936885044228e-02 -4.6386505747619822e-15 -1.3795032841872916e-02 1.7775711458334342e-14 -1.1938025318865064e-02 -1.2687767503294367e-14 -1.0356384657580982e-02 2.5899421496333730e-15 -8.9932569785322342e-03 7.4020650719930359e-15 -7.8051107644814873e-03 -7.5460471204991109e-16 -6.7580798843572959e-03 -7.2164496600635175e-15 -5.8254132181837573e-03 -5.1035564663237665e-15 -4.9856616600748981e-03 -2.0015239465820400e-14 -4.2213657652748048e-03 -1.0816000872715392e-15 -3.5180888715440409e-03 -5.6907603629419157e-15 -2.8636918570817873e-03 -2.3384072456167360e-15 -2.2477786347269071e-03 1.2745447058870596e-14 -1.6612629663026756e-03 1.9389437971861767e-14 -1.0960213648064103e-03 -4.0455919864124112e-15 -5.4460628010271836e-04 6.5869618787184336e-15 1.4707948354952570e-14
-1.2350054459913544e+01 -2.6168388826068366e-14 3.0255652855386646e-14 1.1628819782038118e-14 1.2411731140052639e+01 -1.5120242220357329e-14 -1.5824555677195574e-14 1.3524944402237714e-14 9.3261036860496819e-15 -3.1915375533131521e-14 1.5725070184837927e-14 1.2157106278294124e-14 -1.4120615273092666e-14 -1.2389871755391515e-15 4.6846703008401633e-15 2.2561081565948871e-14 -3.5650463902975893e-14 -1.4915512459640479e-16 1.2502840635849154e-14 -1.1373718880044119e-15 1.3051469478211615e-15 -2.4818459892829071e-15 -3.6137752390856668e-16 -2.8094758991705940e-14 2.6332589361900127e-14 -1.9478713425379209e-14 -1.3564617070923138e-15 6.0403580995175222e-15 -1.9967595323738815e-14 1.6794665363398419e-14 1.0240381119899237e-14 -5.0565333826624390e-15 -8.5683568179117913e-15 -2.9308720510132822e-15 3.7633878023738714e-14 -2.1101862577961719e-15 -2.5762619241684331e-16 1.9242248587624357e-14 5.2783619485430714e-15 -1.8254487211450450e-14 1.5782995900335430e-14 -3.9631722172536072e-15 1.1631320906424492e-14 2.7522500400635606e-15 2.7094970644524920e-15 -2.0690821225139270e-14 1.9132294078366288e-14 -1.6480961217612759e-14 3.7918064726538186e-14 -4.0469296000008012e-14 2.4322001199971317e-14 8.1142927751217534e-15 -1.5466435066638697e-14 2.7842097877814782e-15 -7.3232792671180981e-16 -3.9320854027221062e-15 -1.3336443775837117e-14 4.3334236859562835e-15 -1.3899725650562242e-14 -1.0229262368124000e-14 -1.7751524824365531e-14 3.9501833226901285e-15 4.2228563540160507e-15 1.2386714000038125e-14
4.4282286171259955e-14 -6.3000670876899711e+00 -7.3743094963774070e-15 -6.9942590034095797e-01 -1.5122451901827816e-14 7.7069766425019175e+00 -1.3001752452446169e-15 -1.2792629977006209e-01 -3.4850594632374055e-15 -7.7122232980871730e-02 -2.5335636366641268e-15 -5.1401823299929886e-02 2.6636678973623873e-15 -3.6605085472311991e-02 3.9976702503885519e-15 -2.7317612359301836e-02 3.6810832160227847e-15 -2.1106592133456052e-02 -8.8991314317610204e-16 -1.6747324481984911e-02 1.3253287356462806e-15 -1.3568738174740858e-02 3.6082248300317588e-16 -1.1178099563392351e-02 -4.6872228320893328e-15 -9.3331304959316207e-03 6.3915886472365457e-15 -7.8777697847625429e-03 -1.1093556628871681e-15 -6.7077938823776441e-03 6.9172098604575183e-15 -5.7514268386709717e-03 -1.0919216919536012e-14 -4.9579100821890067e-03 -3.4122010772463796e-15 -4.2905049062453987e-03 -2.8180582867243231e-15 -3.7220660869354107e-03 -7.2424705122031696e-16 -3.2321604418571294e-03 -1.1136924715771102e-15 -2.8051428217138472e-03 -3.5475095083725705e-15 -2.4288417997194930e-03 -3.4872278675823765e-15 -2.0936430712789520e-03 5.1369498932363200e-15 -1.7918378661492523e-03 -3.6875884290576977e-15 -1.5171512912065567e-03 -8.8310435353289307e-15 -1.2643948359035268e-03 6.7047062346503594e-16 -1.0292057215944500e-03 4.1785151727591341e-16 -8.0784761322052817e-04 6.0030105886177410e-15 -5.9705493305523862e-04 8.0526947957015871e-15 -3.9390811440838879e-04 -2.9145522800755330e-15 -1.9573052111815392e-04 1.2789167511476074e-14 -6.7423247091467399e-15
-5.4773903787383480e+00 -7.6292200294552881e-15 -1.2107019604861559e-13 5.8399232312671030e-15 -1.6828317637104829e-14 -5.2848285114140160e-16 5.5392593287655707e+00 3.1947421287867934e-15 -8.7516777009996267e-17 -1.5495655898561316e-14 1.6958994066768384e-15 5.7115829098069601e-15 -7.7485419674193559e-15 1.9083010202711868e-15 -5.5249812361138900e-16 1.1900688208081385e-15 -1.0535258670893701e-14 5.0027655311732498e-15 3.3532527154555799e-15 -3.5294470379872071e-15 6.5322843274543519e-16 3.4589765551882450e-15 1.1405331772837342e-15 -1.1570890965214149e-14 8.8119885463723956e-15 -5.7129252942811343e-15 -3.7839504858347625e-15 3.4277464929832810e-15 -9.6107293423875214e-15 1.2019097645413920e-14 3.2014499679459417e-16 3.9975647240869820e-15 -1.4360920080983384e-14 -5.0729386947628512e-15 1.5527741134109983e-14 -2.8186568427996130e-15 -3.1372695664884727e-15 7.2753227619490429e-15 6.0603803207924061e-15 -1.0814296836676502e-14 4.5595524750124996e-15 -4.6138955943839630e-15 2.3644280977563885e-15 -1.5477483743949414e-15 -7.4353604110578575e-16 -6.9241414175331557e-15 -5.9605862871766431e-18 -1.3233490092897853e-14 9.8559517114345120e-15 -2.5542955779907686e-14 6.5146094719161507e-15 3.3777251768567553e-16 -2.8065635901115790e-15 -3.3982118979836697e-15 -3.2565640418542924e-15 1.2134782260338642e-15 3.8410503647758841e-15 -1.8983660878451507e-16 -1.2117675257993195e-14 -7.8675344109471611e-15 -8.2976107993528684e-15 3.7627484737301494e-15 -3.7049999520407793e-15 -3.1341952924815797e-15
-1.2636159479884057e-13 -3.2061762633420225e+00 9.0759864901368559e-14 -3.5594584762780784e-01 1.6030579641501674e-14 -1.2792629977006359e-01 4.7097742372770313e-15 4.0155541874294931e+00 1.5560469579511960e-15 -3.9248387250087252e-02 5.1998336192404793e-16 -2.6158976319274333e-02 2.9386215683047112e-15 -1.8628747047512103e-02 2.3657291403633707e-15 -1.3902245658419042e-02 -4.6403852982379590e-17 -1.0741386362464290e-02 -5.3186621773448906e-15 -8.5229051502564487e-03 1.2485672218343069e-15 -6.9052861904192516e-03 1.5733941927109640e-15 -5.6886628333596614e-03 -9.4759269875233088e-16 -4.7497369539481879e-03 5.3676681155412354e-15 -4.0090872272328954e-03 -2.3822090133851503e-15 -3.4136730967647779e-03 7.8131945357995392e-15 -2.9269669598497015e-03 -7.3552275381416621e-16 -2.5231371983873742e-03 3.0747973611688906e-16 -2.1834870639752583e-03 -1.7191109646930158e-15 -1.8942020414085578e-03 1.6384463230600943e-15 -1.6448834502486766e-03 1.9472271017839660e-15 -1.4275692949148491e-03 4.2891037943526555e-16 -1.2360653969717976e-03 -2.5437551370854905e-15 -1.0654789267509615e-03 1.0419182877585698e-15 -9.1188680282701536e-04 -2.8900493109773606e-15 -7.7209566026015426e-04 1.6616482495512841e-15 -6.4346500662675358e-04 1.2119211884042969e-15 -5.2377457393564604e-04 -1.5892235444292524e-15 -4.1112289851260122e-04 5.7630766478466988e-15 -3.0384809044356953e-04 7.4103050085039257e-15 -2.0046434883773704e-04 -3.4678206486948859e-16 -9.9609502891646418e-05 1.1192327446785111e-14 2.4478778656150550e-15
-3.0718630484738196e+00 -1.2179567392942515e-14 2.1944547397624939e-14 1.0223795629909045e-14 9.7884908230575985e-15 -2.4894378723296361e-15 4.3980474957592549e-16 4.8211202766565555e-16 3.1340025215525507e+00 -1.0492361972368001e-14 2.9858692112323257e-15 2.7770832887327608e-15 -4.1614515208661065e-15 -3.3676872675092256e-16 9.5715468702352656e-16 1.9923814396295990e-15 -6.3937435919075972e-15 2.1916085296674541e-15 3.9505157220117027e-15 -1.1437683477292189e-15 6.9767740967833822e-16 1.0122763477300147e-15 1.8391957214432171e-15 -4.9034846470181055e-15 4.9687776253170920e-15 -2.6754024225488770e-15 9.1644200303230716e-16 1.0922008316825012e-15 -2.7130174646896117e-15 3.4880432306486417e-15 -5.7320139336522034e-16 2.2327170639209841e-15 -4.8496943337545394e-15 -8.2540976644830650e-16 1.0526907540541664e-14 1.4173764636399571e-15 -9.3400652291285055e-16 4.1801999435101521e-15 4.3628765824113461e-15 -3.5021033851454021e-15 1.7896641839501413e-15 -1.5743714962563648e-15 8.5435131191857730e-16 -2.6775096114721451e-15 1.4111960557454002e-15 -3.3455147120333112e-15 4.7924401719147194e-15 -5.8959511455541319e-15 9.3275184098424377e-15 -1.0817984078614175e-14 4.5161224220607856e-15 -1.9925355481983039e-15 -9.2479000869600916e-16 -4.4290859808137316e-15 -1.0666011121543048e-16 1.2978264671599468e-15 -3.1707098758013993e-15 -1.4694516602372256e-15 -1.2108978534054475e-15 -1.0466613773886052e-15 -3.2807749968481348e-15 -5.7542709598078413e-17 1.5063383740334535e-16 -3.8698013596411113e-15
2.7171927902136517e-13 -1.9328900562561608e+00 -1.6328735238935188e-13 -2.1458713836534746e-01 -3.1778833037288123e-14 -7.7122232980873034e-02 -1.5784248907912968e-14 -3.9248387250087495e-02 -1.1415781514534373e-14 2.4613525411648358e+00 -5.3654997111962643e-15 -1.5770319862782635e-02 -1.4367847189777905e-15 -1.1230611473344141e-02 -5.0671272733282535e-15 -8.3811712724668544e-03 -1.1600963245594897e-15 -6.4756012100152024e-03 -3.0964814046186007e-16 -5.1381575004786646e-03 -4.1468564693225574e-15 -4.1629523509565001e-03 5.6812193838240432e-16 -3.4294932408150207e-03 -4.6945954068622342e-15 -2.8634480995555194e-03 -2.8924345557568287e-15 -2.4169366247195840e-03 -3.9265465878735029e-15 -2.0579825443433459e-03 2.1193984067746641e-15 -1.7645646611387400e-03 -2.4596210485006154e-15 -1.5211100079253635e-03 -2.8744367996935694e-15 -1.3163469776057294e-03 4.2188474935755949e-15 -1.1419472885059879e-03 1.4853569763051411e-16 -9.9164194465579188e-04 5.7571135358980285e-16 -8.6063094106906841e-04 -1.9738984752271094e-15 -7.4518002706203948e-04 -2.9837243786801082e-15 -6.4233948900693761e-04 -8.7169854667834556e-17 -5.4974424013285708e-04 1.1409059461064963e-15 -4.6546911386685034e-04 -3.1281401080551774e-15 -3.8792225090119713e-04 2.2302038688026826e-16 -3.1576513034309132e-04 -2.8948198005362968e-16 -2.4785142710853034e-04 8.1174216653989717e-16 -1.8317924667758206e-04 -1.2810932870088720e-15 -1.2085285233118915e-04 -1.2901463751491260e-15 -6.0051039566497239e-05 3.2360521055353753e-15 5.9836578365389338e-15
-1.9583424585783591e+00 4.5084735243209302e-15 7.6411390783548844e-14 -5.3175822900898224e-15 1.6708285528267819e-14 -2.4495123067211638e-15 1.9194851237282328e-15 1.3651389856328555e-15 3.3075568571177525e-15 -5.0053446315747006e-15 2.0208320702661906e+00 -3.4528929483299589e-16 -2.2221848125175854e-15 5.7194165605933220e-17 6.0826603509919368e-16 2.9571275221347701e-15 -3.7173377025927659e-15 1.4243004172986798e-15 1.3394133074072035e-15 -1.4326514034311082e-15 7.9114681402449858e-16 -1.4535033145593013e-15 1.7974870393852226e-15 -3.3490510718385646e-15 2.4927243697433713e-15 -1.1082865394230853e-16 2.2878766854102556e-16 2.2500183142571949e-15 -2.1075433062294312e-15 3.3015612160858313e-15 1.3462113321714954e-15 -1.2899052546564234e-16 -7.6720222265683838e-16 -8.7981129395947191e-16 2.2667153083765337e-15 -7.9662608574365247e-16 2.7458724094956685e-17 5.3195531233319115e-15 2.3279053033894886e-16 -3.8891664058706767e-15 2.8237069876378046e-15 -3.2050859319755930e-15 1.1371112385027969e-15 -1.1004342035888128e-16 2.0580959874833751e-15 -2.6670084460665867e-15 2.8596504349869141e-15 -3.6803221971757409e-15 5.5193331879007803e-15 -5.1552985502936671e-15 3.9603811588101844e-15 -1.3465063291003875e-15 -6.6884599109075407e-16 -1.7706110038425750e-15 -6.6446904590390177e-16 -3.0227603522323386e-16 -2.9653797470509954e-16 3.9493073844782229e-15 1.2378984514361019e-18 -2.4503981148157265e-15 -1.6026044426141555e-15 9.2337933417842501e-17 7.1139893655370085e-17 -2.1500753917961271e-15
-6.5677172901568159e-14 -1.2882675888612027e+00 2.8697747303518817e-14 -1.4302192431886954e-01 1.3299257528576192e-14 -5.1401823299929060e-02 5.7267558750684344e-15 -2.6158976319274371e-02 2.3744027577432547e-15 -1.5770319862782663e-02 9.8684081739630614e-16 1.6669155232436113e+00 1.9066779405330081e-15 -7.4851814345958910e-03 1.7006795277607623e-15 -5.5860348973647347e-03 1.2793585635328952e-16 -4.3159760330142580e-03 -4.4669129506402783e-16 -3.4245723148640253e-03 9.3219702790303671e-16 -2.7745999159939829e-03 -1.3292318634672284e-16 -2.2857507979107249e-03 7.0321352907409818e-16 -1.9084827753689494e-03 5.5684623578855508e-16 -1.6108837167859707e-03 -4.4539025245704522e-16 -1.3716414970106341e-03 2.3264810217193954e-15 -1.1760790294503675e-03 1.9292293457207066e-15 -1.0138169607503340e-03 7.2142812557185465e-16 -8.7734278597730508e-04 -8.2095788500602396e-16 -7.6110572104364340e-04 1.8806570883933560e-15 -6.6092749192650719e-04 2.6573795247619714e-16 -5.7360890432682759e-04 1.0366056971133908e-15 -4.9666108717515373e-04 -4.7173636524844298e-16 -4.2811806189207383e-04 1.4157511968315717e-15 -3.6640350258502672e-04 -6.7719267693444607e-16 -3.1023428935807922e-04 1.4628055711174426e-15 -2.5854945097076573e-04 8.9788202914387050e-16 -2.1045686576654432e-04 -6.5258128761902512e-16 -1.6519251023231672e-04 1.7302782470696165e-15 -1.2208862355333135e-04 9.2428235204389253e-16 -8.0548198885078303e-05 6.8223421703650367e-17 -4.0023904982867852e-05 1.3660134221687992e-15 3.8497488757536667e-16
-1.3533542609877871e+00 -2.1824420716260946e-14 -9.0834131904981518e-14 3.9321009068704665e-15 -1.5508856829645070e-14 3.2351690062010149e-15 -9.3081852340802020e-15 1.9234843821775139e-15 -3.4034870504372476e-15 -1.9631985376897904e-15 -2.5687119118511883e-15 1.8533461467177154e-15 1.4162754033948586e+00 1.3011644472150394e-15 -2.3008878167810035e-16 2.1230425214553421e-15 -3.9217057913954708e-15 1.2701853996893859e-15 4.4780704464617657e-16 -2.4906854377001260e-17 -1.2311183064038370e-15 1.5994161418912016e-16 -1.3782202585842347e-16 -2.3880142771389651e-15 8.0471381702868314e-16 -8.4792665846121633e-16 -7.1716892960206481e-16 1.2008801902547398e-15 -2.2858847536658401e-15 1.5400960334378454e-15 -1.3878478257372214e-16 3.3014809781123856e-16 -2.2685717170421658e-15 -1.2086223639623894e-15 3.4123453112405954e-15 -5.7835142979122270e-17 7.1383166784952090e-16 1.8257012100180999e-15 9.9142857418697183e-16 -1.0016177723579927e-15 2.0143246657998185e-15 5.9521790959871989e-16 -1.2706849461530108e-15 -1.2525427719906575e-15 8.0752917373049431e-16 -1.2956733230042531e-15 9.5623693492256393e-16 -2.2351862268443574e-15 4.0084265717706908e-15 -4.3903198021061710e-15 9.7654549240997626e-16 -4.0763147853203247e-16 -4.6493892502682227e-16 -1.0546010363950544e-15 -1.1920104583551654e-15 -1.2790928376028923e-16 -1.1491056498794136e-15 1.1216555309379444e-15 -1.3032799321228318e-15 -2.2351765048131942e-15 -1.7646348731376954e-15 1.9667231085012656e-15 7.0561196404253554e-16 7.0801161144184560e-16
-3.2738568800372292e-15 -9.1742164332032439e-01 5.7859533136861430e-15 -1.0185105173331876e-01 -2.9017586944402041e-15 -3.6605085472310936e-02 1.3650105351592501e-15 -1.8628747047512040e-02 5.9696171617051874e-16 -1.1230611473343435e-02 6.8521577301083880e-17 -7.4851814345965198e-03 1.0681559803327190e-15 1.2077458455077836e+00 -7.9818963938382836e-16 -3.9780161819601145e-03 -8.7603535536828758e-17 -3.0735616256864686e-03 -7.6045940378133281e-16 -2.4387610058153133e-03 -9.1636767618474835e-16 -1.9758923041271886e-03 6.8207158671063084e-16 -1.6277652805763896e-03 -3.6158142452391573e-16 -1.3590991647740999e-03 5.8134920488672748e-16 -1.1471681810745840e-03 -8.2627047565120293e-16 -9.7679519931652154e-04 1.0090669619322590e-15 -8.3752813872062964e-04 -8.2833045977892539e-17 -7.2197548878809694e-04 -2.6584637269344569e-16 -6.2478732479762859e-04 7.5525523335340239e-16 -5.4201073393216200e-04 -2.6790635682116815e-16 -4.7067021712211463e-04 7.7954136201707769e-17 -4.0848751313731684e-04 -1.0767211774953545e-15 -3.5369020746153161e-04 -2.6302744704498338e-16 -3.0487825609496909e-04 1.6717855398640236e-15 -2.6092910073061170e-04 -3.0070347253885465e-16 -2.2092898557503327e-04 -5.3125906451789717e-16 -1.8412235489015058e-04 -3.1902648925385968e-16 -1.4987389678031989e-04 6.7052483357366022e-16 -1.1763952265232561e-04 4.9033043250656938e-16 -8.6943696029856632e-05 1.3515664282204298e-15 -5.7361266887762617e-05 -1.2784098866319704e-16 -2.8502460979004086e-05 1.5944954774929632e-15 -1.3797279906500865e-15
-9.8844619883995710e-01 -1.5799831764116363e-14 -7.2564669018979054e-15 7.0883469079682705e-15 3.6181590582029123e-15 4.1692809684499258e-15 6.5639454885771094e-16 2.1819968984154874e-15 9.1751170347374375e-16 -4.7056473911379073e-15 4.3073053933063870e-16 1.9134965598441107e-15 -8.2476299345963052e-16 -7.7218787620929361e-16 1.0518824740937895e+00 1.0708481737185952e-15 -2.7336098807255586e-15 1.0831044015191138e-15 1.5600425252563935e-15 -2.9870715186867718e-16 -1.6991237143770373e-16 5.1760718757691163e-16 4.7779661909193414e-16 -1.1869002755857333e-15 1.3052807664368567e-15 -8.5115350586107609e-16 5.9994073580090751e-16 1.4727789620920852e-15 -1.8377097684368489e-15 7.6980441784386723e-16 -3.1690300912837174e-16 -4.1524540179500249e-16 -1.4963672228482141e-15 2.1841034922655528e-17 2.6617470746042932e-15 -5.3490774055413225e-16 1.7918295163980578e-16 1.0317974902114879e-15 1.7470502509472100e-15 -1.0752267686191756e-16 4.1779087917133546e-16 -6.7425047521932293e-16 -2.7668839441830063e-16 -1.1732003716155784e-15 1.7536594772581074e-16 5.0543587281719918e-17 1.6761035384647691e-16 -1.3259600254498867e-15 2.8381702480223392e-15 -3.4396289772720677e-15 1.2030598145540460e-15 7.7695602395194160e-17 2.2371385556317971e-17 -1.6836734382952406e-15 -4.7316551481172422e-16 1.0079083769687570e-16 -1.0338073283341891e-15 2.6333566466361763e-16 -3.3855053525250989e-16 6.1127638319689288e-18 -6.1997255394177024e-16 4.6058378688877370e-16 7.4505712024524122e-16 1.4088352358545273e-16
-1.0149633954473214e-13 -6.8465265137077835e-01 5.6487041606712030e-14 -7.6009317113679184e-02 2.0824054286494587e-14 -2.7317612359302045e-02 1.1584700213007615e-15 -1.3902245658419242e-02 1.5984392628953792e-15 -8.3811712724672673e-03 2.8076499458684623e-15 -5.5860348973642351e-03 2.7270937244527893e-15 -3.9780161819595716e-03 1.9078705629227422e-15 9.1890982698670010e-01 9.1875292096421646e-16 -2.2937349816166239e-03 8.0751377806720370e-16 -1.8199965096188889e-03 6.9486517234595979e-16 -1.4745672447261109e-03 9.1181402706030923e-17 -1.2147673027661449e-03 -2.5467909031684499e-16 -1.0142673801219787e-03 1.1379786002407855e-15 -8.5610770408473425e-04 -1.6122086304859451e-16 -7.2896189873759582e-04 9.4423167201762581e-16 -6.2502979404052412e-04 8.4784609888366447e-17 -5.3879525976128139e-04 1.6013666087610900e-16 -4.6626575858513264e-04 -8.5912180147751371e-16 -4.0449131406431458e-04 7.5829099943636180e-16 -3.5125137325881287e-04 2.6861108823328372e-16 -3.0484571729795263e-04 2.6454533008646308e-16 -2.6395163016360501e-04 8.7928796188574410e-17 -2.2752428820635797e-04 1.9656585387162195e-16 -1.9472594955044069e-04 -8.1239268784338847e-16 -1.6487469730034406e-04 8.6074810473624197e-16 -1.3740667594872144e-04 1.0672615135404184e-15 -1.1184776547332789e-04 6.5160550566378816e-17 -8.7791923895684716e-05 5.2965986631348105e-16 -6.4884268251881182e-05 1.0669498054158288e-15 -4.2807517947987788e-05 -9.9830625537034035e-16 -2.1270792575275678e-05 6.7608814597122646e-16 1.5338480339411990e-15
-7.5148179137243964e-01 -8.4409773375050040e-15 -1.0484049626422089e-13 3.1987785378449233e-15 -3.4553478691059035e-14 2.7108402247083187e-15 -9.5789274139402428e-15 -1.1575513168694238e-16 -7.0826680401088391e-15 -1.1280906513212253e-15 -3.7361263070775047e-15 3.1171916277979439e-17 -3.9680346446000782e-15 6.2570106873502968e-17 -2.1951653352477041e-15 1.0633626084188473e-15 8.1551946940363673e-01 3.8807059865559919e-16 -4.4385294543553668e-16 -1.2078628334632654e-15 -5.8266258838682748e-16 3.1572766693136661e-16 -1.3210492839810962e-15 -1.1748223840516539e-15 2.9178891019993300e-16 -7.3507604167362977e-16 -1.2470840679457956e-15 1.7642914140677264e-16 -8.2691245905811360e-16 1.3909462515292812e-15 -1.1477468289580949e-15 5.9951037763794257e-16 -1.8140208504146636e-15 -7.1127121554789417e-16 1.6507715084568841e-15 3.1390289575781218e-16 2.2265342563585754e-16 1.0144640269677367e-16 -7.7038128212246643e-18 -6.2705406864856596e-16 1.5894638965449250e-15 -3.1561214678656443e-16 -1.3270634591222515e-16 -7.3544318305723142e-16 -1.2957499985903296e-16 -1.1892529625554581e-15 6.8819364232710968e-16 -1.4203688126825788e-15 3.2088452302499515e-15 -2.5286734333766839e-15 6.9478254336822589e-16 -1.2911200676656319e-15 -1.3721981147781972e-15 -5.3884816226835159e-16 -5.0443197521295501e-16 -4.4193244843162838e-16 2.7106080860848916e-16 -4.0717024606661047e-16 -3.5015867720527451e-16 -3.1493912125554244e-16 -8.2628115725527146e-16 9.1585329194770535e-16 1.7286684242582983e-16 -6.8275333163067606e-16
-2.4522267896842642e-14 -5.2898782205048389e-01 6.5827334902457402e-15 -5.8727594255289367e-02 1.2153906353562505e-15 -2.1106592133455639e-02 5.4713178432308496e-15 -1.0741386362464913e-02 2.6952181805817155e-15 -6.4756012100143012e-03 9.7599879567145109e-16 -4.3159760330147880e-03 9.5464001287348665e-16 -3.0735616256864456e-03 8.3494409303108696e-16 -2.2937349816162930e-03 4.5655753483364592e-16 7.2563968286805480e-01 -9.8846712065503439e-16 -1.4061962483234059e-03 -1.9971004017182992e-16 -1.1393048923318393e-03 -5.0155192499179435e-16 -9.3857390094431801e-04 1.1817803680091998e-17 -7.8366028571401781e-04 6.8142106540713954e-16 -6.6146030241473063e-04 2.6964108029714495e-16 -5.6322277639496692e-04 7.4804528890637378e-16 -4.8292100936700292e-04 -3.1051550219984847e-16 -4.1629303621488762e-04 8.9847834033873752e-16 -3.6025407575214052e-04 -9.4401483158312871e-16 -3.1252486766385564e-04 3.4298735726578933e-16 -2.7138973107146408e-04 -2.3191084469464940e-16 -2.3553501433308749e-04 4.0267268686111635e-16 -2.0393873840609535e-04 -5.9511857247729338e-16 -1.7579363410083124e-04 2.7923626952364167e-16 -1.5045243123445052e-04 -2.0740787559647700e-16 -1.2738825572561506e-04 -4.4192080550509161e-16 -1.0616545207221866e-04 3.1645150909420661e-16 -8.6417697705502838e-05 4.9984430657012968e-16 -6.7831269654620757e-05 -1.4067523187999420e-16 -5.0131972292355594e-05 -4.9913957515801410e-17 -3.3074662956076784e-05 -4.8353384013780087e-16 -1.6434596748673431e-05 9.1804141328852285e-16 -9.4257351342482701e-16
-5.8888924770160456e-01 3.1556269560535866e-14 5.2883385876028117e-14 -2.2141042124802386e-14 1.2928521339418871e-14 -1.6674616641571901e-15 1.6094152563713385e-15 -4.9325133821555131e-15 3.8357038845830867e-15 -1.4044562366434528e-16 1.6529933477140669e-15 -4.1616947558577479e-16 4.3197996687676767e-16 -5.1040331562889250e-16 1.3002247992094127e-15 4.8499061066802251e-16 -9.2997353130009736e-16 -6.0885684573025867e-16 6.5361775382154685e-01 -4.4261513587570061e-16 6.8505949884195261e-17 -1.1117045904497945e-16 6.4519577302697563e-16 -1.3513945243094939e-15 1.1313940646470614e-15 -2.3802799158245366e-16 -4.4399715872851319e-16 6.8006255874918785e-16 -3.7357308241279376e-17 6.1522714126137992e-17 5.3807271876095460e-16 -8.6370674122649666e-16 -6.2679274488996896e-16 4.4178710286941864e-17 1.8014299039617863e-15 3.6352941894675519e-16 2.3399010691399459e-17 5.1764338793070301e-16 5.6511826431408645e-16 -5.4296052172724779e-16 1.3622396445402314e-15 -5.9954339733457819e-16 4.9266146717741292e-16 -1.1179180348406958e-15 -4.2688298011357527e-16 -9.4449394866637539e-17 1.7711815307904030e-15 6.4652764288434665e-19 2.0283707320540259e-15 -2.2498683772869984e-15 4.1751170101091543e-16 -5.9724243680961568e-17 4.5138754892448328e-16 3.1049411103855145e-16 -5.4497779130631465e-16 1.4104531887143656e-16 -3.7285523986243831e-16 6.2458489431787009e-16 4.9185819767264757e-17 -9.5890011250394336e-16 -1.9352116226627908e-16 7.0061257131657492e-16 -1.9678538190385974e-16 9.2861824138780810e-16
8.0983939172718511e-15 -4.1973287998763370e-01 1.0478488736420655e-14 -4.6598241479316946e-02 -1.2209200664359265e-15 -1.6747324481985959e-02 -3.6596160130075717e-15 -8.5229051502560445e-03 -2.2836550359062180e-15 -5.1381575004789039e-03 -1.4201964257387623e-15 -3.4245723148637304e-03 -4.5222072614370390e-16 -2.4387610058159786e-03 -6.4520871284612369e-16 -1.8199965096185756e-03 -7.9081706461092693e-16 -1.4061962483236730e-03 -6.4699764643072477e-16 5.9009146244890587e-01 -9.3241386833753381e-18 -9.0399760393145923e-04 -8.3142043597050908e-16 -7.4472475566058792e-04 -8.2724625760643988e-17 -6.2180635346136361e-04 -8.1857264022655585e-17 -5.2484504587195914e-04 -3.7020083179517549e-16 -4.4689708941590700e-04 5.0637662465935485e-16 -3.8318051497403743e-04 -5.0258191705565558e-16 -3.3031360595817773e-04 -6.7887319030179860e-16 -2.8584869904219967e-04 8.7224064776458832e-17 -2.4797728284944404e-04 4.6973059122934480e-16 -2.1533802608151377e-04 -5.1336972867188635e-16 -1.8688859323988659e-04 7.6653093594725163e-17 -1.6181808057588899e-04 -5.8457470634987185e-16 -1.3948594891820655e-04 -5.5581624372469385e-16 -1.1937861257044352e-04 -3.8147653438902474e-16 -1.0107801583202791e-04 3.9410748969848086e-17 -8.4238481674607198e-05 2.7281237165166505e-16 -6.8569346264318583e-05 -4.4736892142183127e-17 -5.3821681669168756e-05 1.5708734226599352e-16 -3.9777923484842981e-05 1.0296668032094836e-15 -2.6243559792552400e-05 3.9862048124145177e-16 -1.3040263569038093e-05 5.2560088443023845e-16 -4.5251937707550065e-16
-4.7245179840036566e-01 -8.2749922332069280e-16 1.2484949335267330e-14 3.0788091770677151e-15 -6.3613384516275861e-18 1.2307516582998401e-15 1.3838727640264686e-15 1.1206003476743227e-15 8.3670647374840047e-16 -3.9962474820337164e-15 1.2335129824213512e-15 8.4740517475598874e-16 -1.3149609491344547e-15 -7.1208467561159989e-16 6.0785741730600984e-17 2.4925445664337362e-17 -1.3725807056832285e-15 -1.6467575201919534e-16 7.9777345467653726e-16 -9.6933899812523155e-17 5.3796423673274674e-01 -4.4454824081427999e-16 5.7996925132323525e-16 -3.7030840746038857e-16 6.2431310489529599e-16 -1.0809064643642297e-15 -1.4902641271008417e-16 5.1934621416823861e-16 -7.1873926548062589e-16 6.9776708820433153e-16 2.9817385468235492e-16 -4.1466295865668996e-16 -5.3912060026626921e-16 3.6875289875547923e-16 1.4600595886500067e-15 -4.1101363658195901e-16 -3.3093981847374805e-16 1.1769316346010291e-15 9.2094591321081382e-16 -7.1515286073238781e-16 9.8298001738500819e-16 3.9787892817988314e-17 2.5760643618255575e-16 -2.7227696387863838e-16 1.3606110328228255e-16 -1.9937140389850737e-16 1.9158939034260040e-16 -5.4812902246514110e-16 1.6020555565617246e-15 -1.1190434870362808e-15 7.4187426069214033e-16 -4.8095451807712623e-16 -4.5995553089452951e-16 1.6398817311935865e-16 3.6791940574870589e-16 1.7395076975089326e-16 -1.8064443674193519e-16 5.4728067882016895e-16 -2.8420153073170156e-16 -4.9142902036059220e-17 2.2029788363261763e-16 1.5497963041244766e-16 1.8748829512101940e-16 6.9650084159140482e-16
2.9539603185399499e-14 -3.4006897985427093e-01 -2.8169198744432133e-14 -3.7754050727067584e-02 -2.7631434466879323e-15 -1.3568738174740460e-02 3.3495341916767174e-15 -6.9052861904194502e-03 9.9312918999672206e-16 -4.1629523509565548e-03 -1.6834407132182427e-15 -2.7745999159942084e-03 5.5267205742448589e-16 -1.9758923041269653e-03 6.2141047516006687e-16 -1.4745672447263659e-03 -1.8745855562274372e-16 -1.1393048923321802e-03 6.8304736866586779e-17 -9.0399760393107846e-04 -3.4006001140007847e-16 4.9145507812500006e-01 -6.4390767023914108e-16 -6.0337848189880006e-04 -3.9123435394139428e-16 -5.0378958230423319e-04 5.0464190118337804e-16 -4.2523120737325115e-04 -3.5691935518222806e-16 -3.6207751296953006e-04 3.8673491492557943e-16 -3.1045413175820899e-04 -2.9560772232817278e-16 -2.6762118567807768e-04 -1.0890810822616892e-16 -2.3159556973272825e-04 1.0001765041178778e-16 -2.0091202196969150e-04 3.5236570605778894e-18 -1.7446758723186666e-04 -1.1893697832165984e-16 -1.5141776181919192e-04 -4.1329786815147429e-16 -1.3110554880782667e-04 -1.2476456499876942e-16 -1.1301198122511789e-04 1.6086849734253672e-16 -9.6720950225774675e-05 -5.2900934500998975e-16 -8.1893745686253830e-05 -3.5507621148900270e-16 -6.8250298924046058e-05 3.3785094947363925e-16 -5.5555113133626578e-05 -2.2540563165973637e-16 -4.3606506071113444e-05 -2.3283241654126208e-16 -3.2228206330731774e-05 3.2176409973938558e-16 -2.1262619708351489e-05 2.4537528042420376e-16 -1.0565265054645629e-05 -2.6481468656368995e-16 -7.7314172278101785e-16
-3.8615974318209856e-01 -3.1055162747960429e-16 -5.2161690136000100e-15 -1.9432152858851415e-15 3.1282778112810492e-16 -1.8651742157321139e-16 1.0959086670143186e-15 2.2221497549195954e-15 1.4004916034408627e-15 4.5678768079874760e-16 1.2196351946135368e-15 -2.5160733660345282e-17 -3.7300610167904846e-16 7.2877697267905334e-17 6.8962300177219358e-16 3.2414022146272733e-18 -6.5700727184279554e-16 -2.0717647718062711e-16 4.6427286641999610e-16 -7.6566979980158227e-16 4.4631686295404832e-16 -4.7110774290603764e-16 4.5255346271069818e-01 -1.9336661291075425e-16 6.5640548920086692e-16 -6.6283810665381907e-16 -4.4653148884010656e-16 3.9444612389790845e-16 -2.9633409908027341e-16 5.2602946408262763e-16 -7.3056969176681787e-17 5.3943495313055394e-16 -1.1566821577140125e-15 -2.6962534040398578e-16 7.2280211135986382e-16 -4.3183031829368070e-16 6.4577134048963989e-17 5.5937007715328581e-16 -1.0947983151940961e-16 -4.9310825580735650e-16 7.2103677251251032e-16 -1.9192705365223127e-17 3.9031278209478049e-17 -6.7646753378123443e-16 -1.7445439891756592e-16 -1.7225438920942614e-17 4.3445067697935340e-16 -6.1404851455225977e-16 1.4788901897673713e-15 -1.0080211845737652e-15 8.5983545705856321e-16 -4.8095451807712623e-16 -4.2873050832694694e-16 -3.1132605929828652e-16 -1.5766946343540029e-18 4.2548567376753029e-16 -8.6102007301199217e-17 -1.4140454114262347e-16 -1.7921477169261671e-17 -1.0978985564569467e-17 -7.8974486025487830e-16 8.2067976431854744e-16 -3.9819771845565007e-16 9.4676047826726861e-17
9.5032380402482186e-14 -2.8015316282757446e-01 -3.0416099326691093e-14 -3.1102268502346809e-02 -2.6820559662077414e-14 -1.1178099563392765e-02 -1.1520081763527479e-14 -5.6886628333595425e-03 -3.8097780138968140e-15 -3.4294932408150754e-03 -2.9934279881238535e-15 -2.2857507979114127e-03 -2.5171379737509714e-15 -1.6277652805756072e-03 -9.1728924803136103e-16 -1.2147673027660525e-03 -8.1526582360047506e-16 -9.3857390094414530e-04 -1.2040065125451527e-15 -7.4472475566068181e-04 -4.5335913842481368e-16 -6.0337848189870292e-04 -2.3001349089279977e-16 4.1752290337816345e-01 -5.5337678883660146e-16 -4.1502828321048649e-04 -4.5455176081454773e-16 -3.5031089201296062e-04 -5.3304799810249825e-16 -2.9828407310362922e-04 -2.6942423986264785e-17 -2.5575607326023652e-04 -4.0345873343616834e-16 -2.2046974598962453e-04 -8.7310800950257672e-16 -1.9079138410447338e-04 -5.3125906451789717e-18 -1.6551388612138327e-04 -1.3113425276212176e-16 -1.4372862351311996e-04 -3.5052256236456358e-16 -1.2473988336113068e-04 2.7286658176028933e-16 -1.0800642322212755e-04 -5.3985136673484480e-16 -9.3100711482402249e-05 2.9444220499275087e-16 -7.9679952370743229e-05 -3.5759698154003150e-16 -6.7465112164827995e-05 3.2840483804585929e-16 -5.6225466714930318e-05 -4.9183476302089302e-16 -4.5767010745993936e-05 -5.9116123454772129e-16 -3.5923595856278097e-05 -2.7656642167389611e-16 -2.6550007412881285e-05 6.1738537459471443e-16 -1.7516417298167571e-05 -7.8482684760794452e-17 -8.7038001007057016e-06 9.3472118608585453e-16 -8.3997562661924996e-17
-3.2038024541275495e-01 1.3461312907560680e-14 5.5667841320357071e-14 5.0700311112877514e-16 2.6305870566661658e-14 -3.8997161886356636e-15 9.4107470488703345e-15 -1.7190769098347789e-15 6.2939147091734013e-15 -4.8339264657199688e-15 2.7826729653290483e-15 1.4434209504883731e-16 1.2518457188984676e-15 8.6488047098731462e-17 1.5609051089057934e-15 6.1389994034070241e-17 2.9242794382161509e-16 -5.4632594749238265e-16 1.1829880072227697e-15 -6.7183387484133316e-17 2.7479051634311806e-16 -5.4461992261600572e-16 5.1846598023911987e-16 -6.9417251137310642e-16 3.8775745628479508e-01 -1.1756610008858412e-16 5.3455726495912059e-16 1.1594865416169925e-16 -1.0790612170667160e-16 4.1103002109123666e-16 4.4999437475897779e-17 4.3117786165469351e-16 -3.3642888186856189e-16 -7.4237044817048453e-17 1.2379651306668549e-15 -2.2653692509041898e-16 3.0643139399719817e-16 8.6423360743047984e-16 8.6838796352498489e-17 -4.8122989063671079e-16 5.3057016916597240e-16 -5.5057343530564925e-16 1.1275702593849202e-16 1.0287351248428115e-16 4.0674548412284005e-16 -2.4862483660597901e-16 2.1032269498889584e-16 -6.8561490404466915e-16 9.8927923425363376e-16 -4.9854343300965481e-16 3.0107253085411614e-16 -3.1879732240230191e-16 3.4763506910850259e-17 -3.9265389864044588e-16 4.6264991022852684e-16 -1.4893833530646163e-17 -3.3999855456867518e-16 4.0167361405426145e-16 -1.1896395434314581e-16 2.5342015952407963e-16 1.6899800219024055e-16 6.4938717672485002e-17 2.4887758306416261e-16 8.9590334540207571e-16
7.5130765324338267e-14 -2.3391328845211590e-01 -3.8842030720270815e-14 -2.5968773046415334e-02 -1.9007581966712372e-14 -9.3331304959317091e-03 -5.0982438756785875e-15 -4.7497369539482824e-03 -2.8297676701871666e-15 -2.8634480995552540e-03 1.8610330290713684e-16 -1.9084827753689411e-03 -5.3798111798730730e-16 -1.3590991647747931e-03 -1.3045120539345589e-15 -1.0142673801216710e-03 -6.2981304199682953e-16 -7.8366028571422294e-04 -2.2854981795994433e-16 -6.2180635346101114e-04 -6.4325714893564978e-16 -5.0378958230467999e-04 -6.1777839788224043e-16 -4.1502828321075418e-04 -3.9540853230546347e-16 3.6075241567206828e-01 1.2324668195728972e-16 -2.9249133546917319e-04 -6.6087543423853923e-16 -2.4905165348956836e-04 6.5279812805352222e-16 -2.1354299032035569e-04 -5.7812370342358310e-16 -1.8408074628915381e-04 -7.4376269032505604e-17 -1.5930086104959634e-04 -2.7278526659735292e-16 -1.3819546778041442e-04 1.3650105351592501e-16 -1.2000590902231159e-04 3.0831999280056532e-16 -1.0415130075172978e-04 -2.5443514482803575e-16 -9.0179733738491316e-05 -9.2997441344944143e-17 -7.7734241370663214e-05 4.5444334059729918e-16 -6.6528607047064225e-05 -2.3440450969136606e-16 -5.6329852152874003e-05 -4.0772777949033001e-16 -4.6945334049366705e-05 1.4360257774570506e-16 -3.8213068444882325e-05 -1.1928934402771763e-16 -2.9994330084169292e-05 4.7417582013653536e-16 -2.2167872315261460e-05 -1.0535056984770086e-16 -1.4625295430843502e-05 4.8565481063772564e-17 -7.2672194133412506e-06 4.7170078986465830e-16 -5.4260460368224004e-16
-2.6903485366197782e-01 -1.9635303751951245e-14 -4.5954075589433144e-15 3.4419727133810422e-15 -1.5391996965680282e-15 6.6551800980161988e-15 -3.5122040901984200e-15 5.6393798490797714e-15 3.7790951669255861e-16 -2.9933448409308091e-15 4.9822382782117618e-16 1.4765407536866998e-15 -1.0739270189526260e-15 4.2590967891787247e-16 -6.7650447734020795e-17 5.1696376793710481e-16 -9.2817139340977533e-16 1.0219822567483815e-15 -1.3867042343677160e-17 2.3440338366388250e-17 -8.0123665939039205e-17 1.0013661892325180e-16 1.1729483900592610e-16 9.6977107693586901e-17 3.6719212550816099e-16 -1.1869679426012891e-17 3.3750330242993359e-01 -1.8968546522242758e-16 -5.2053747128504577e-16 2.0645410767744411e-16 2.9753458128898017e-16 5.4553535776084912e-16 -2.6107981150430532e-16 -2.7486696736521678e-16 5.7831825887279647e-16 1.4002396228302855e-16 1.4079433540531183e-16 2.8792826491292143e-16 1.3853004332129196e-16 -1.4861820692104203e-16 -2.0005380504579209e-17 -2.0164988046718720e-16 2.7755575615628923e-16 -7.4139879582886929e-17 -3.4614634400728100e-16 9.8592563160771832e-17 5.4792047978892227e-16 -4.3459891620178314e-16 5.9013519663553796e-16 -8.8963067522583638e-16 4.2929587959934361e-16 -7.3024572700959854e-17 -9.2445587379131468e-17 -5.4871372908236477e-16 5.1011650059374024e-17 2.8797714854151251e-16 -6.3193210552075687e-17 3.2327534496866013e-16 -1.7570678441805271e-16 5.5901576592469657e-17 -1.3602947687011642e-16 3.2566647058196465e-16 3.0641024460904871e-16 8.1083109889140016e-16
-6.3998367152637292e-14 -1.9743804469718201e-01 4.1474690435500117e-14 -2.1919335183553927e-02 4.5207435885041836e-15 -7.8777697847623607e-03 3.7789595671439136e-15 -4.0090872272330515e-03 9.5735051830470042e-16 -2.4169366247194933e-03 2.0530181287642391e-15 -1.6108837167861925e-03 1.0639818019686498e-15 -1.1471681810745669e-03 1.7767905202692447e-15 -8.5610770408489243e-04 3.8619281383933668e-16 -6.6146030241457981e-04 2.6308165715360765e-16 -5.2484504587198950e-04 6.8020133796309334e-16 -4.2523120737259862e-04 -3.0981077078773289e-17 -3.5031089201284407e-04 3.0176056965702802e-16 -2.9249133546881644e-04 -2.8603963815598821e-16 3.1628093329162038e-01 5.8525233270767529e-16 -2.1021581039302583e-04 2.8465728038606919e-16 -1.8024418683833821e-04 7.4105218489384228e-17 -1.5537613469614767e-04 5.3738480679244027e-16 -1.3446029822570705e-04 2.1922567927656900e-16 -1.1664597221099085e-04 2.1114837309155199e-17 -1.0129280036315450e-04 1.2034644114589099e-16 -8.7910478747039804e-05 1.7929993427479030e-16 -7.6117566550230981e-05 -2.4479929802007083e-16 -6.5612760710440936e-05 7.3443855164168070e-16 -5.6154475783379970e-05 -5.2820974590778169e-16 -4.7546062648727116e-05 -4.0326899805598337e-16 -3.9624918377900527e-05 1.9395021613050067e-16 -3.2254317681348323e-05 1.5528485615423637e-16 -2.5317167412455198e-05 1.6935237934223579e-16 -1.8711127503106364e-05 2.3420799804760306e-16 -1.2344701543299855e-05 1.6510027394701920e-16 -6.1340063267610374e-06 7.6170115408200761e-16 -1.0404566068736913e-15
-2.2813376164820756e-01 6.8574319943627104e-15 -8.7131971083095789e-14 5.7928722693140998e-15 -2.1256687381125852e-14 -7.5805871451246697e-16 -9.7776855927633961e-15 -2.6212105539775765e-15 -1.5986822570266008e-15 -3.6216526801546107e-15 -2.8449811131755692e-15 -2.4831031693231270e-16 -2.3163338178918576e-15 -6.8041155175690847e-16 -1.6017395037014176e-15 -2.1946608996054607e-16 -1.5277850034676434e-15 1.0539180500445082e-16 -6.0063147463785476e-17 -4.1838639349126461e-16 -6.7928509251876911e-16 -1.0194834407573366e-16 -8.0232640910889791e-16 -2.9330421773554665e-16 -2.4821977691831695e-16 -5.3785438037915914e-16 -3.8141846289179662e-16 2.3568284004813737e-16 2.9780747539854602e-01 3.7474961261627533e-16 -3.7852231186637786e-16 8.3157976331760033e-17 -7.8622735691509981e-16 6.2060497188839216e-18 7.1156897887129568e-17 -3.8781892499348594e-16 4.3377397896122206e-16 4.3462224404286278e-18 -1.3377029104123341e-16 -4.4275626142528342e-16 1.8268397736478724e-17 -2.4769522620366796e-16 -1.7520707107365729e-16 -1.6683359072839293e-16 -1.3997937278757951e-16 -2.6264561026973505e-16 3.3734703122445914e-16 -5.0913530946028216e-16 6.5831772874605405e-16 -8.0397948477919891e-16 7.0088491491008035e-17 6.3632827005154365e-17 -2.6851912905240596e-16 -3.0371271764844160e-16 -2.1870054133246765e-16 1.2854324966923074e-18 8.8024433171293293e-18 -1.3595981042894610e-16 -2.0788114007239729e-16 9.8976694795887343e-17 3.4948591272036941e-16 3.4134159884754733e-16 -5.7204069619032789e-16 4.0250227480775530e-16
-1.1449094981536706e-13 -1.6811530986005027e-01 6.5151497478238563e-14 -1.8663960291727393e-02 1.5211112534482818e-14 -6.7077938823771159e-03 1.0663914412969988e-14 -3.4136730967642909e-03 3.7574110489657642e-15 -2.0579825443440575e-03 3.0017221347433676e-15 -1.3716414970105148e-03 1.7704750426145166e-15 -9.7679519931665620e-04 9.5569710999166002e-16 -7.2896189873732846e-04 1.3071412442028363e-15 -5.6322277639503512e-04 5.7056139327049671e-16 -4.4689708941590808e-04 8.8362477057568611e-16 -3.6207751296926985e-04 7.4579556939846636e-16 -2.9828407310403054e-04 2.7419472942158407e-16 -2.4905165349002194e-04 4.0429899011984460e-16 -2.1021581039328972e-04 4.7141110459669733e-16 2.8086021065759997e-01 3.3097981820551237e-16 -1.5347501727520517e-04 4.4097212860416679e-16 -1.3230027206443683e-04 2.5386593868748086e-16 -1.1449077473767074e-04 -9.4542429440735987e-17 -9.9322163527952432e-05 1.9931701688430392e-16 -8.6249185387701142e-05 4.4545801509282557e-16 -7.4854354423953685e-05 2.2964757265958591e-16 -6.4812879938664294e-05 -3.7826458545303643e-16 -5.5868207236945623e-05 1.7347234759768071e-18 -4.7814630208479260e-05 -1.8000466568690587e-16 -4.0484705301093137e-05 -4.6525825726784209e-17 -3.3739978743454281e-05 2.7857219569299430e-17 -2.7464031158082340e-05 -2.4071321108251609e-16 -2.1557159618504839e-05 6.9531240574211006e-16 -1.5932223209018498e-05 8.5269112734195907e-17 -1.0511314210976710e-05 1.0032935853637737e-16 -5.2230074298113970e-06 1.3477395333647349e-16 -1.7375581026132909e-16
-1.9496957896574393e-01 -4.9675506411158650e-14 -3.4470357126322767e-15 1.9960043606102914e-14 1.0622886251890949e-14 6.9033397948944030e-15 -8.2698777738200441e-16 6.9961180877261527e-15 -1.2616449348611195e-15 1.9439826236744936e-15 1.5768463333761149e-15 2.2550180888360346e-15 -2.7302425532876308e-16 9.9726602409966403e-16 -3.0603988032832456e-16 5.7331432368559478e-16 -9.6034993538819503e-16 1.0378019964225547e-15 4.9580647992357694e-16 4.6236162889188914e-16 5.6588310820050875e-16 8.7490575415915930e-17 -8.8858768769999414e-17 -1.6670984905875516e-16 1.5734899551807847e-16 6.2662380428344709e-16 3.3014149221613802e-16 7.0461163577322374e-16 -3.8980470101282876e-16 2.4678908536034331e-16 2.6596968981070629e-01 3.4515559646182126e-16 -5.6832074953120737e-16 5.5821453717202026e-16 3.5736965373726250e-16 -2.8064563629558332e-16 -9.7965321409179469e-17 3.4651572120161052e-16 2.0112963151779998e-16 3.7095667207902536e-17 4.7750953738197726e-16 -1.1430663398396154e-16 2.1423834928313577e-16 -2.4821552558199316e-16 -2.3999258703951685e-16 -1.7555825377227611e-16 3.5967169700003827e-17 7.4162443967463878e-17 7.1600219951585506e-16 -5.9367668648503669e-16 3.0132429930794391e-16 3.1891314877673875e-16 -2.5915965479653307e-16 -1.2757023016054550e-16 -1.1281971761818744e-16 5.3985463134632972e-17 1.9738920836098444e-16 -2.7213903529018079e-17 1.3371654617262392e-16 -1.4696908625642973e-16 -5.5015461616362351e-16 1.5072147945004039e-16 -6.4734684690872504e-17 4.1243146761368488e-16
-8.6120889065954831e-15 -1.4414618607438073e-01 4.3377573668429426e-15 -1.6002936885043794e-02 -4.5169488809004843e-15 -5.7514268386707158e-03 3.8785977467953314e-15 -2.9269669598506131e-03 2.5544616335387849e-15 -1.7645646611386609e-03 5.9202859628570970e-16 -1.1760790294501723e-03 5.7457294130869307e-16 -8.3752813872076495e-04 -6.0373797974855314e-16 -6.2502979404063959e-04 5.3464719630691437e-16 -4.8292100936666340e-04 -6.0807478843849516e-16 -3.8318051497387675e-04 3.2742905609062234e-17 -3.1045413175840632e-04 3.4176762982174314e-16 -2.5575607326049717e-04 -6.2016364266170854e-17 -2.1354299032051889e-04 1.6940658945086007e-17 -1.8024418683829571e-04 2.4974597043203595e-16 -1.5347501727518302e-04 3.7960628564148724e-16 2.5225431196114023e-01 6.1528473288552377e-18 -1.1343749507783873e-04 2.2583931252873057e-16 -9.8167195676200392e-05 2.7840956536712147e-16 -8.5161256742476664e-05 4.1321655298853788e-17 -7.3952164951499494e-05 7.0608666483118476e-18 -6.4181957670621110e-05 -4.1564245534947419e-16 -5.5572151397045212e-05 1.0360907010814602e-16 -4.7902769847528611e-05 1.1351596745923231e-16 -4.0997435563152630e-05 -1.4795293896280315e-16 -3.4712578339446160e-05 1.2307727536783886e-16 -2.8929484519799614e-05 -1.0149487587179928e-16 -2.3548333277649570e-05 1.7007066328150744e-16 -1.8483636881202818e-05 4.9620545302872521e-16 -1.3660678573648929e-05 -4.6573259571830450e-17 -9.0126583679669088e-06 3.6967905949966684e-17 -4.4783345513306931e-06 1.1597575113805880e-16 -4.7013331991229987e-16
-1.6765203572873583e-01 1.9258980368603224e-14 -7.1963589980715520e-14 -3.0350433377970766e-15 -6.6591531151630106e-15 -1.1114102072314451e-14 -1.4116597139312526e-14 -5.5118471453469705e-16 -5.1104160821688459e-15 -2.3510087260923193e-15 -1.3246478295367765e-15 1.4225929240240783e-15 -1.7904421902336251e-15 -4.6792634797958085e-16 -1.5369403657797594e-15 5.7384619877450807e-16 -1.3230736722035442e-15 7.7083527071016521e-17 -5.3994246345275564e-16 -5.7890480519175939e-16 -6.9771876742812772e-16 -5.3836865029229245e-16 -8.8565814168052707e-16 -6.6403282620701620e-16 -1.9583366634385640e-16 -6.2316256816488509e-16 -3.5254309267669828e-16 4.1200915788842980e-16 -9.4604771581781336e-16 2.5643724570561457e-17 -5.3997652026362951e-16 6.0600108171185103e-16 2.4010769897296630e-01 1.7634203484962748e-16 9.9904788958849354e-17 -4.1247448832065432e-16 3.0687254903320642e-16 1.7404728459679030e-17 -1.1799969480179362e-16 -3.9887310234513827e-16 1.2462148208519324e-16 9.7675608393925141e-17 -9.2807705964758933e-17 -1.7797990190276633e-17 -3.5219156073181583e-16 -1.7286289956487148e-16 2.6243205241981779e-16 -5.1499912779607059e-16 1.0433248234634779e-15 -3.8851040675469990e-16 -2.4554228288207238e-16 -7.2717042434760381e-17 -9.4793565786297287e-17 -5.6670853007767466e-18 -9.7741920183411305e-17 5.4602545858529323e-17 9.6057846524868076e-17 -3.5960411774760698e-19 -3.5904055424502522e-16 -4.0780852504428318e-16 -1.5415657648944468e-16 -3.3771082625408844e-16 -3.1111888574267825e-16 2.1876572661391330e-16
1.1031052373627892e-14 -1.2425852736970278e-01 4.2488256836448191e-15 -1.3795032841874630e-02 -2.1886518205421757e-15 -4.9579100821890987e-03 -4.7498355075503707e-15 -2.5231371983872866e-03 -1.3467959386614936e-15 -1.5211100079252329e-03 -1.1515853375054785e-15 -1.0138169607495863e-03 -1.8212970194497746e-15 -7.2197548878799502e-04 4.0129032909119733e-16 -5.3879525976128150e-04 -7.2980358735430517e-16 -4.1629303621524470e-04 5.8248761716783726e-17 -3.3031360595854305e-04 2.8162151430310978e-17 -2.6762118567821272e-04 -4.0166979985156726e-16 -2.2046974598928561e-04 -7.0825506917615577e-17 -1.8408074628954667e-04 7.5108105498933320e-17 -1.5537613469614566e-04 -1.6927106417929938e-16 -1.3230027206363200e-04 3.1940596001422961e-16 -1.1343749507805150e-04 3.4556233742544240e-16 2.2888412373191103e-01 -2.9418470697678556e-16 -8.4623197483503704e-05 -3.6460363807971907e-16 -7.3411670748922448e-05 1.9327258977269723e-16 -6.3749082531475336e-05 -4.3190548793675676e-16 -5.5326857831332679e-05 3.5893868172848231e-16 -4.7904935145588618e-05 3.1283298434353624e-16 -4.1293688027867887e-05 7.4349163978193467e-17 -3.5341073584420918e-05 -6.0301291954570346e-16 -2.9923329802499734e-05 1.6281328498943259e-16 -2.4938121790655513e-05 5.2231439659489176e-17 -2.0299400870686665e-05 -3.3149481423744298e-17 -1.5933473939469943e-05 -5.2261932845590331e-17 -1.1775932812487428e-05 4.9268179596814732e-16 -7.7691938090838495e-06 5.8867095768279365e-17 -3.8604646547449363e-06 1.8829627120757822e-16 3.0425351741984727e-16
-1.4482826596822715e-01 -1.3248253567951337e-14 1.5643630976186279e-13 1.6598036139801273e-14 3.6478754522243732e-14 -2.1275557890345224e-15 1.6309053862463662e-14 3.8198480828397319e-16 9.7600148342422491e-15 -2.5915429173297975e-15 2.9460315741629464e-15 5.8926693739144383e-16 3.1173657290474078e-15 -8.5954830253181618e-18 3.0263242117711314e-15 -3.2498985348064138e-16 1.6203419110782745e-15 6.0114387310116490e-16 2.1129692401013807e-15 -8.6267886656370272e-16 1.1652692401536429e-15 5.7135594632204895e-16 7.8309334954798375e-16 -9.8584648827094299e-16 7.0066963917700801e-16 9.4668040431462222e-17 8.3675449853291407e-16 2.3342221985143959e-16 2.1064739531562602e-16 5.7320617026825747e-16 5.0281932871157446e-16 1.0792395513046859e-16 2.8771631862545512e-16 3.5203538892235841e-16 2.1887768747471950e-01 -5.9480045080081662e-16 8.5517916118799097e-16 1.6619031439702567e-16 9.6341336945995913e-17 -3.0356075578895568e-16 3.2015255137660840e-16 -1.9815134903053874e-16 3.0878077872387112e-16 -2.1141377321645790e-16 6.2595316478106592e-16 -1.6634738454557659e-16 2.4291901027291890e-16 -3.8555027985705926e-16 5.1790557311536503e-16 -2.3752117409898161e-16 2.6603410190143814e-16 -4.8324824846874045e-17 -3.3108217440520884e-17 -1.3708593692476186e-16 3.0216000685875830e-16 -8.4803377426221587e-17 2.7976190560779372e-17 2.2915238476137761e-16 -8.0304878491081617e-17 -1.6572951427131163e-16 3.5796522736788589e-17 8.8039471318706968e-17 -1.8366922321452583e-16 3.3835720854126387e-17
2.4559306953560178e-14 -1.0753156319601831e-01 -1.3915816199014386e-14 -1.1938025318865010e-02 -1.7643493003399735e-15 -4.2905049062458064e-03 -3.3221309817671463e-15 -2.1834870639754781e-03 9.2135500617818167e-16 -1.3163469776055106e-03 -7.6661225111018805e-16 -8.7734278597746012e-04 -7.3809773397381928e-16 -6.2478732479720152e-04 -1.9710795495786471e-16 -4.6626575858506141e-04 4.2695881552479165e-16 -3.6025407575186947e-04 -1.9041300654276672e-16 -2.8584869904213652e-04 3.0818446752900464e-17 -2.3159556973254632e-04 -6.3165618569005488e-16 -1.9079138410477546e-04 1.7129039072555363e-16 -1.5930086104926457e-04 -3.8832056060283948e-16 -1.3446029822568746e-04 -1.5785983631388945e-16 -1.1449077473742543e-04 -1.9903241381402648e-16 -9.8167195676017446e-05 -4.8672546028305508e-16 -8.4623197483630759e-05 -2.5869063835504136e-16 2.0960949491995631e-01 -1.9965583006320564e-16 -6.3529416286708454e-05 2.5381172857885659e-16 -5.5167549801401179e-05 -1.7465141746025870e-16 -4.7879076271602593e-05 1.9328614229985330e-16 -4.1456249884791371e-05 -2.3124677086400203e-16 -3.5734970611583328e-05 2.6789280429401208e-16 -3.0583662691239166e-05 -2.9614982341441554e-16 -2.5895224237497591e-05 -1.5622675679158315e-16 -2.1581096091044846e-05 1.1226913496087398e-16 -1.7566812948606064e-05 -3.2876059188370610e-16 -1.3788601845635338e-05 8.9819373726846008e-17 -1.0190724855919200e-05 3.0456594277833426e-16 -6.7233498803482959e-06 -6.9524464310632972e-18 -3.3407912342996392e-06 1.7581058204857621e-16 -4.5318467441690712e-17
-1.2550864297239953e-01 1.2958360102299152e-14 2.7972513088033496e-14 -1.0909894219158443e-14 -2.7196367534996193e-16 -4.0268990151147992e-15 -3.2014276423952322e-15 -2.3048987217348151e-15 -3.8182610190490379e-16 4.3218410726023439e-15 -1.3983341894172842e-16 -3.0649425512710635e-16 1.0252202277051946e-15 5.5104658783486522e-16 2.4323222613919004e-16 -2.4565537331928015e-16 -3.8105680996312618e-17 1.4775964053043249e-17 -1.3885351038343983e-16 4.3137235345664513e-16 -1.2309159039557894e-16 -8.4606361261320608e-17 1.4271414478227417e-17 -3.5401166973254721e-16 3.4923323808489699e-16 -5.2599034458323101e-16 3.3617270729245346e-17 2.0067700402640945e-16 2.2469526249979302e-16 3.8292312746620460e-16 -4.0744030080957269e-17 -1.6356012340226887e-16 1.7187526260933682e-16 -1.8022428480200207e-16 1.1488056566474375e-16 -6.0844658415954254e-17 2.0130023393840232e-01 4.1930345419117069e-17 6.3097363228291772e-16 -1.0347729164350780e-16 -2.6740037049123521e-17 -3.2705681192444207e-16 1.3270634591222567e-16 -5.2871892562077296e-17 -4.2551864082467283e-17 -8.0621675550336754e-17 4.7269840881672921e-16 -3.1662248199608211e-16 6.4455325435224008e-16 -4.7637084129849516e-16 -5.4352181195562015e-17 -3.2133326754916713e-16 1.7661597693640654e-16 -1.7329179255443236e-16 -7.8953236358539621e-17 -3.8698805194391781e-16 1.7552943821529846e-16 2.6924105649474165e-16 -1.6279593421433923e-16 3.3563525760201661e-16 -1.4461150022492727e-16 -8.2519670701973265e-18 3.2168819495655618e-16 5.8787192159747555e-17
-9.3991695394694819e-14 -9.3284961419096438e-02 3.8075377811579159e-14 -1.0356384657579624e-02 2.1169399783485532e-14 -3.7220660869360586e-03 7.3608518369114306e-15 -1.8942020414082330e-03 5.0798259912734900e-15 -1.1419472885059146e-03 4.9379581370037617e-15 -7.6110572104384376e-04 1.9606305511413180e-15 -5.4201073393219887e-04 1.3074122947459577e-15 -4.0449131406448231e-04 2.8282768921999990e-16 -3.1252486766387619e-04 9.0839879021697989e-16 -2.4797728284954926e-04 6.8539195586386770e-16 -2.0091202196973769e-04 9.1911883919743032e-16 -1.6551388612143588e-04 1.8980314282074362e-16 -1.3819546778019940e-04 8.5340263501765268e-16 -1.1664597221122004e-04 -1.5150370107769318e-16 -9.9322163528035902e-05 2.1679977691563268e-16 -8.5161256742452595e-05 1.5924219408380846e-17 -7.3411670748735328e-05 7.0351168467153169e-17 -6.3529416286263295e-05 8.0217408236771259e-17 1.9359134124428426e-01 -8.7617088063984827e-17 -4.7858531967987417e-05 -9.9082526038019036e-17 -4.1535691010252891e-05 3.4579273038709557e-17 -3.5963809658936116e-05 2.4092327525343515e-16 -3.1000529106951843e-05 3.2013779648065732e-16 -2.6531705755982607e-05 -3.8991975880725560e-16 -2.2464427393484251e-05 1.8648277366750676e-16 -1.8721867853245152e-05 5.5484723803303493e-16 -1.5239427563752355e-05 -2.1888347796587826e-16 -1.1961782689450991e-05 5.1150625618792689e-16 -8.8405798888797195e-06 -1.9728074967910458e-16 -5.8325891999671221e-06 2.3010497045110323e-17 -2.8981777271213534e-06 -2.6849038603829999e-16 -4.6334010899423364e-16
-1.0895496690216992e-01 -1.0368461087328174e-14 4.7951301796878944e-14 3.8405080034590818e-15 6.3198993310555946e-15 -8.1232178582474661e-16 5.4199542789299536e-15 1.3591008030032272e-15 4.2556131586110967e-15 2.1029145311150456e-17 1.0973553575925302e-15 1.7818938141734623e-15 3.6351989439028542e-16 1.0178916236948670e-16 1.3211840619317909e-15 3.6703380127287596e-16 -4.1677020760817840e-16 4.7644649481070614e-16 4.4446406559271605e-16 -1.2508134578717351e-16 7.1732939888748472e-16 4.1922494676620946e-16 -2.2534371690040099e-17 -2.5582677068724206e-16 7.0397928630499158e-17 3.7282300545403275e-16 1.6150338401215891e-16 -8.8706642922853213e-17 -2.7549413359814113e-16 5.2430688628179780e-16 7.2586354437416859e-17 -1.7250898674115910e-16 -1.1525205899540984e-16 1.1762473950055166e-16 3.8309805967131781e-16 1.1535488942363838e-16 1.7204615672211706e-16 1.7023388664236220e-16 1.8664864748765098e-01 -4.5498986170305450e-16 1.7696066966759327e-16 1.4615085551207896e-16 3.1311758741381363e-16 -1.2188359826320258e-16 -4.6658401622767893e-16 -1.0029142296309273e-16 3.7574969418979222e-16 4.6135348787137952e-17 4.1323379466047557e-16 -5.0138590325307985e-16 1.5357450105347916e-17 1.8963377934677095e-16 -2.3328460063872828e-16 -3.2068703782896188e-16 3.2476064773441732e-16 5.9735402409241097e-17 -1.3631055697089791e-16 -1.7830098627379510e-16 -4.2344952138940641e-16 2.5020762307671344e-16 -1.2770262846407318e-16 2.0447117262908253e-16 3.6115195172833809e-16 4.7479589898530211e-16
1.3495451365577379e-13 -8.1006611671092604e-02 -8.0099758748529426e-14 -8.9932569785321024e-03 -1.8366018883671231e-14 -3.2321604418575232e-03 -1.1044794636164146e-14 -1.6448834502497988e-03 -4.3753927347553456e-15 -9.9164194465586669e-04 -3.4208340370447954e-15 -6.6092749192650253e-04 -1.5323435879552316e-15 -4.7067021712235711e-04 -6.5876124000219249e-16 -3.5125137325900749e-04 -7.3832812693547245e-16 -2.7138973107148116e-04 -7.6196373429565645e-16 -2.1533802608112975e-04 -4.5642200956208523e-16 -1.7446758723162702e-04 -4.1027565459567095e-16 -1.4372862351328322e-04 -8.3583855982338751e-16 -1.2000590902236504e-04 -1.6780739124644395e-16 -1.0129280036354113e-04 -4.1505969668176323e-16 -8.6249185387576784e-05 -4.6756218688437379e-18 -7.3952164951562798e-05 -5.5077470362263625e-16 -6.3749082531533151e-05 -8.2019894348528410e-17 -5.5167549801668191e-05 -3.3176586478056436e-16 -4.7858531968081579e-05 -4.5373860918518361e-17 1.8020187117692327e-01 -2.6038470424954996e-16 -3.6068681821566668e-05 -3.1326666521253044e-17 -3.1230182431826906e-05 9.2685733220354560e-17 -2.6920178609752429e-05 -3.2126265623461103e-17 -2.3039550560219126e-05 -3.3297881596103251e-16 -1.9507615360593205e-05 1.4624532054113848e-16 -1.6257658854127245e-05 -2.6117413895639097e-16 -1.3233584191701226e-05 1.4534746561704892e-16 -1.0387349369976844e-05 1.1677873837205588e-16 -7.6769654093693298e-06 6.2776999852805215e-17 -5.0648923597485089e-06 -2.5776229024485064e-16 -2.5167138850006753e-06 6.8117754343480393e-16 -4.5563264919907671e-16
-9.4606720579488074e-02 -6.8401181889662987e-15 2.7442004694882362e-14 6.5337720113793407e-15 1.6086011153538115e-14 9.5582008752844929e-18 4.3743558798908346e-15 1.7530822081820029e-15 2.2088353409060311e-15 1.5297860051449383e-16 2.7008554438837388e-15 3.0500576962411791e-16 2.2126918722433300e-15 -1.7346879060948819e-16 3.6529636400686869e-16 -1.4618903355272077e-16 1.5401335889274345e-15 -1.5350720062478687e-16 1.1898277109448614e-15 -3.5608601606957914e-16 5.7767412019341807e-16 4.9694766386273162e-17 8.5084829932785878e-16 -2.9462547463362341e-16 2.9444702809877898e-16 6.7467033864907384e-17 2.2412724213563462e-16 4.1045577463584015e-16 -1.2330506941681685e-16 -5.7318748758117025e-17 5.8417513987391443e-16 -2.5769935654516532e-16 -2.5250889759778240e-16 3.0519277473302366e-17 5.4115795036329143e-16 -2.2913056684674560e-16 2.5377262451706764e-16 3.2839090444319001e-17 1.0568146172569630e-16 -4.4555079912291246e-16 1.7437539778695538e-01 1.1989638283732077e-16 6.0715321659187903e-17 -2.4590114848350415e-17 6.5296302009138225e-16 -8.6205907151283270e-17 -1.9423199819532721e-16 8.9476136369458496e-17 2.2699641354382444e-16 -5.1839111559182300e-16 4.9240223556845166e-16 -2.3055690432009430e-16 -2.5500672733758111e-16 -4.7917537374556113e-17 2.3030155352885880e-17 8.4210519623949325e-17 -3.1926720157375144e-18 -2.3485360339487035e-16 -3.5236395622888964e-16 5.4413117321622944e-17 3.0492417971048432e-16 -2.5141276205541798e-16 2.7402265731899318e-16 5.6736513187646854e-16
5.7207683685708832e-14 -7.0304404539647605e-02 -3.5340843749717687e-14 -7.8051107644816105e-03 -4.4581986756789260e-15 -2.8051428217136620e-03 -4.5425902622797665e-15 -1.4275692949153624e-03 -1.0349387362731943e-15 -8.6063094106969464e-04 -2.9315742541835554e-15 -5.7360890432679626e-04 2.7828759262271685e-16 -4.0848751313712353e-04 -1.6630306073212031e-16 -3.0484571729804647e-04 -6.3978770198369617e-16 -2.3553501433364458e-04 -3.1143707404646115e-16 -1.8688859323974619e-04 -4.6496010167040858e-16 -1.5141776181906258e-04 -2.9938887740471598e-16 -1.2473988336135760e-04 -4.2870709152792452e-16 -1.0415130075223789e-04 2.2627299339772478e-16 -8.7910478746427921e-05 -1.6593714249890645e-16 -7.4854354424045138e-05 -3.2706313785740848e-16 -6.4181957670719569e-05 -1.8764829100292868e-16 -5.5326857831584574e-05 -3.7335179435896149e-16 -4.7879076271509616e-05 8.3680078925146839e-17 -4.1535691010251658e-05 -1.9237812298039669e-17 -3.6068681821754208e-05 -4.4125673167444424e-16 1.6896467851409661e-01 3.0782532555936881e-16 -2.7104199696810727e-05 -1.8151577246480755e-16 -2.3363613021607915e-05 -4.2243227145466467e-17 -1.9995675039131324e-05 7.3386934550112581e-17 -1.6930362270908288e-05 -1.5973008506142694e-16 -1.4109774515478757e-05 -5.0134186082087528e-17 -1.1485226172848072e-05 2.2144829373016428e-17 -9.0150223187404304e-06 1.3799860776667061e-16 -6.6627213585108171e-06 -4.6481780013526985e-17 -4.3957429407073382e-06 9.8213470234136124e-17 -2.1842176513220478e-06 -1.2777026141210131e-16 -2.0577825652046928e-16
-8.2031250000027492e-02 5.8433944614966771e-15 8.6953876792515058e-15 -3.0914712597376062e-15 1.0992420114752280e-14 -4.3338777562101794e-15 2.6791880640263713e-15 1.1759557045501612e-15 4.0990318862451193e-16 -1.2654857778223017e-15 1.5616620992039226e-15 1.0243628339283453e-15 -1.4376050909277558e-15 -8.0939232079363844e-16 1.3775837271010666e-16 4.7615548647324325e-16 -3.0723522419717863e-16 2.9960449762165286e-16 7.5779008985154961e-16 1.6427609884313710e-17 3.0866565738292351e-16 -5.3230762289896611e-16 3.1484080053932907e-16 -1.2624270218428351e-16 -5.8416034115215723e-17 9.2768709777636652e-17 4.7334480035417798e-16 -1.2572710355679244e-16 -1.6417731362731860e-16 3.9029760000084777e-16 4.2705062598473309e-16 -5.8746976085175127e-17 1.0420575388094880e-16 -7.5101540419139569e-17 -9.1883850361411815e-17 2.5276916738082700e-16 -7.9692488848171918e-17 8.7000157794994750e-17 -1.1076165486420472e-16 -1.3004735773927576e-16 4.6975990709395848e-16 1.8450069273614237e-16 1.6406250000000003e-01 -1.6370557835561945e-16 6.8957988114601428e-17 3.8780349703557384e-17 1.4753565708495996e-16 -2.1504084649940521e-16 1.7847938235904279e-16 -4.0994845411884278e-16 1.2968885338889836e-16 -1.0531470317967046e-16 2.1972668952166539e-17 -2.6477033082045942e-16 9.0377640513373711e-17 1.2390409137581743e-16 -1.4215352351263699e-16 1.9248784969950766e-16 -1.4740595581982101e-16 -3.2556051840783394e-17 2.8082709119342477e-16 4.8778403931352150e-17 6.0394870234204376e-17 -7.8174509387242564e-17
7.2644120536688450e-14 -6.0873291416067427e-02 -6.1235874227252851e-14 -6.7580798843570114e-03 1.6927919569559302e-15 -2.4288417997188243e-03 -1.4154801462884503e-15 -1.2360653969703114e-03 -3.2636247220343972e-15 -7.4518002706198071e-04 -9.6733873081872312e-16 -4.9666108717495337e-04 -3.7163739967371878e-16 -3.5369020746101759e-04 -1.3721120593890301e-15 -2.6395163016354408e-04 -6.3974704440222796e-16 -2.0393873840630493e-04 -4.8984254152895090e-16 -1.6181808057583402e-04 -1.9104997531910195e-16 -1.3110554880787226e-04 -5.4345633895835910e-16 -1.0800642322203807e-04 2.3075887988638355e-16 -9.0179733738230417e-05 -5.0667478025678836e-16 -7.6117566549793004e-05 1.2819335436925483e-16 -6.4812879938731352e-05 -8.4310271437904039e-17 -5.5572151396721815e-05 -4.6261551447240867e-17 -4.7904935145589031e-05 -2.4781473531229614e-16 -4.1456249885169351e-05 3.3674641851041964e-16 -3.5963809658478582e-05 1.5825963586499348e-16 -3.1230182431653711e-05 -3.7854918852331387e-16 -2.7104199696892354e-05 -1.6010277955821883e-16 1.5951388615789194e-01 -1.7491569173980204e-16 -2.0229458357338377e-05 -1.7596601259439737e-16 -1.7313318585270424e-05 6.5143609907433730e-17 -1.4659207812417024e-05 1.0292805561855356e-16 -1.2216992968313530e-05 5.6995152954847361e-17 -9.9445194704432150e-06 -2.0198347660226046e-16 -7.8056856371750317e-06 2.4089447613322851e-16 -5.7689383976661586e-06 6.7493279303117160e-17 -3.8060679524192191e-06 1.2442151665513143e-16 -1.8912117734012984e-06 1.6718376323902797e-16 8.1779094529554304e-17
-7.0889370184262418e-02 2.1237297966726428e-14 1.3484222296761095e-14 -4.8629173923496666e-15 6.8348002097529301e-16 -4.3320901722416387e-15 -6.7372756338353649e-16 -2.1354911256374912e-15 2.0157359548384305e-15 -2.6715084048170002e-15 9.3520284005426118e-16 -9.4847092537834167e-16 1.0407732540700318e-15 -6.0408848359360389e-16 2.2128287329416200e-16 -5.2552959945796791e-16 5.0201447288591887e-16 -9.8470478618793019e-16 -3.3258762452750385e-17 -4.9408026839012292e-16 2.5964687323155180e-16 -1.3956981909106436e-16 5.6151726317233304e-17 -2.1003579903670114e-16 1.6083142314681418e-16 -2.8041844961627253e-16 -2.1139655473328862e-16 1.2806433689206098e-16 -3.6080074090452914e-16 -3.5240385106879773e-16 4.9141744286855150e-17 2.5490827912124100e-16 -1.8851725773769528e-16 -8.4381529288257790e-17 -7.9796285340641862e-17 -2.9125980312728716e-16 5.8952716825085916e-16 4.5221178058710084e-16 -1.5988293858917240e-16 -2.8689955648108804e-16 5.5466222728484139e-17 -9.6443273610930168e-17 2.0513105103425727e-16 -1.7769722351304222e-16 1.5538736117110524e-01 -6.4869436590892087e-17 3.4549732195912367e-16 5.3841821670575998e-17 1.8957617949618083e-16 -1.3813078388701651e-16 7.7181475880056699e-17 -3.1463912199912808e-16 -2.4931353344368517e-16 -1.9430432145413523e-17 -2.2267492340058553e-16 2.5311989898444426e-16 1.9827604513882351e-16 -2.7325581424211765e-16 1.5960055791361426e-16 -3.0346266154668659e-17 -4.2735562320584166e-17 4.3283000709399274e-16 -2.0123752407452036e-16 -2.5589256498642689e-16
1.2892376104406758e-13 -5.2472312035231186e-02 -8.6223779852123705e-14 -5.8254132181836966e-03 -2.1502331165601518e-14 -2.0936430712786393e-03 -7.4681065368245592e-15 -1.0654789267506265e-03 -2.1229491688895541e-15 -6.4233948900657104e-04 -1.8026758471373361e-15 -4.2811806189247282e-04 -1.6486107184271459e-15 -3.0487825609528898e-04 -3.8514926924831938e-16 -2.2752428820596872e-04 -1.0662857315851815e-15 -1.7579363410092399e-04 -4.9374566934989872e-16 -1.3948594891783820e-04 4.4133804683738065e-17 -1.1301198122486782e-04 1.0276881342446975e-16 -9.3100711482383832e-05 -1.5401769486514394e-16 -7.7734241371178264e-05 4.6390300455223521e-17 -6.5612760710882247e-05 -3.7987055992103058e-16 -5.5868207237013839e-05 3.8882200410761403e-17 -4.7902769847572433e-05 -1.7306577178299865e-17 -4.1293688028159476e-05 -3.4537260204525744e-16 -3.5734970611578334e-05 -2.5816208979595467e-16 -3.1000529107057851e-05 -2.8629713617195351e-17 -2.6920178609429648e-05 -2.5627828852126111e-17 -2.3363613021503568e-05 8.6058547441036914e-18 -2.0229458357407888e-05 -3.7987733618460862e-17 1.5156574429354225e-01 -9.9475549325545032e-17 -1.4923948319968880e-05 -1.8236280541206185e-16 -1.2636125115303770e-05 1.7604732775733378e-17 -1.0530954581898718e-05 -7.0988137243488403e-17 -8.5720997923454706e-06 6.8223421703650367e-17 -6.7284413719657438e-06 2.4877188254269350e-16 -4.9727808151598152e-06 -1.3242513097373732e-17 -3.2808014903293401e-06 -9.1478711270517182e-17 -1.6302100972335958e-06 5.4742257073387736e-17 4.9171675242254788e-16
-6.0911144120090091e-02 -4.9397108279854684e-15 3.4338326712496008e-14 -5.8580650681847587e-15 2.1505002824878835e-14 5.0034039998811187e-15 9.6498486047390924e-16 1.6368580670211526e-15 4.0083432656935785e-15 -2.0033707672487509e-16 2.9575590440061454e-15 1.3297648663886335e-15 9.9497480372801622e-16 1.6652832724599575e-15 -1.1520494056116461e-16 7.9755460228180884e-16 4.3322165700736989e-16 6.7316713057561738e-16 1.3782307760395930e-15 -5.9502816285128702e-16 1.7426428327120133e-16 2.9915025362385828e-16 1.1673908336619197e-16 8.1751657146933365e-17 2.8168098909583444e-16 1.2550402194725792e-16 5.4081033289055778e-16 2.4556954683691014e-16 2.5491576478867519e-16 -1.8871152683586477e-16 8.5772972715812788e-17 -1.2694215638324606e-16 -4.2534819547921853e-17 1.0086977313413032e-16 2.5811289186220393e-16 -7.3373199980798349e-17 1.1859458121179580e-16 -2.4277626364547663e-17 4.4787915757146177e-16 4.4545777346579595e-18 9.1480892384477283e-17 -8.9497511246882179e-17 -4.4235448637408852e-17 -1.9421550721684082e-16 -1.5677553906384956e-17 9.9724941012868283e-17 1.4809884301349177e-01 2.8754972813904149e-16 -4.1788140438010912e-17 -3.6189592505234824e-16 7.2616604760542423e-17 -7.8294883195990241e-17 2.5043102253844920e-17 -4.6430869162026551e-17 1.8148533283993719e-16 2.3723251968543743e-16 -1.3376463174799833e-16 -6.3841778526873743e-17 1.7907437852198337e-16 -4.2811884660859532e-16 -1.1211879494307541e-16 3.9636349032793032e-16 1.7734980174791202e-17 -1.0958985360583223e-16
1.1294349177150102e-13 -4.4908263934440799e-02 -5.6383513851766820e-14 -4.9856616600738850e-03 -1.3931008581956339e-14 -1.7918378661498020e-03 -1.3669912370031095e-14 -9.1188680282679668e-04 -5.7603661424154851e-15 -5.4974424013287324e-04 -3.7316747998963895e-15 -3.6640350258526080e-04 -2.3382107339729730e-15 -2.6092910073048181e-04 -1.5999029358282346e-15 -1.9472594955100068e-04 -9.8621062488354894e-16 -1.5045243123442645e-04 -1.0484235007934828e-16 -1.1937861257050914e-04 -1.2630887546820346e-15 -9.6720950225617289e-05 -3.3842015561419414e-16 -7.9679952370647792e-05 -5.0984607161130846e-16 -6.6528607046943783e-05 -3.1792195829064007e-16 -5.6154475782880797e-05 -6.8594083321368848e-16 -4.7814630208573376e-05 -2.8324781756183803e-18 -4.0997435562813512e-05 -7.4438610657423521e-16 -3.5341073584625365e-05 9.0320817231620554e-17 -3.0583662691236943e-05 -2.8586345530295931e-16 -2.6531705755730238e-05 -2.1675234307058644e-16 -2.3039550560320323e-05 -1.9626092201061041e-16 -1.9995675039270044e-05 -1.9868004810796869e-16 -1.7313318585039309e-05 -3.0110327208995868e-17 -1.4923948320051764e-05 5.7178789697812094e-16 1.4489855387379377e-01 -2.9537732936651961e-16 -1.0814588108990118e-05 6.8829897293884446e-17 -9.0128845001168709e-06 2.0240699307588761e-16 -7.3364047627916165e-06 -5.0912270547435329e-16 -5.7585154772729353e-06 7.5558727026872607e-17 -4.2559388881055240e-06 2.9223822526399518e-16 -2.8078636816002166e-06 -2.7481899270371049e-16 -1.3952102068270071e-06 2.8478666466876228e-16 -5.3257981439801032e-17
-5.1878506452706127e-02 3.1043458736387861e-14 1.4493641979063662e-13 -1.8022873456305299e-14 3.6762483196214370e-14 -2.8373231883921851e-15 9.8426622632244872e-15 -3.0922082579496974e-15 8.8028347700194062e-15 1.3188007379625199e-15 5.9602637332304166e-15 -5.3997045266249134e-16 4.3233680277114848e-15 -2.0477792010279412e-16 2.4839550617846084e-15 -1.0309770172426079e-15 3.4990050508397327e-15 -1.9266429446121557e-16 1.8960743893008445e-15 -1.8595422621644780e-16 1.5238171621869359e-15 -6.9688443228432749e-16 1.5632835713718324e-15 -1.1449398140205283e-16 1.2293459451578196e-15 -4.1240412990193848e-16 8.5620209477727617e-16 5.8267373956285685e-17 7.3858018588220763e-16 -4.2303963046162171e-16 7.5107552087801243e-16 -9.0303522891371117e-17 6.0044456079514519e-16 -6.6472629782346268e-16 6.5567029568096604e-16 1.6659355409790300e-16 5.5107636304356770e-16 7.1563078757904348e-19 5.3984524730314070e-16 -1.9603015267354538e-16 4.8744519950789490e-16 -1.6334291109326051e-16 -1.6566609195578596e-16 9.9740276265003562e-17 4.7906914938559161e-16 -2.8878896150623558e-16 1.0222573212216547e-16 -2.7325015994805309e-16 1.4200022168993992e-01 -1.6145304569102232e-16 3.1141853335119823e-16 -1.5018283966550522e-16 9.3198699369691561e-17 -3.1652690298990920e-16 -1.8555222300127172e-16 1.3889811133288662e-16 5.4234414531248999e-16 -1.8501977934600267e-16 1.4480115065586738e-16 1.1435538427512931e-16 -3.3268911845409206e-16 2.6518452974234903e-16 5.2582355259122322e-17 -2.0084802995401341e-16
2.8929504665843424e-13 -3.8023881457551381e-02 -1.6908391055553765e-13 -4.2213657652776593e-03 -3.9253072092650804e-14 -1.5171512912058825e-03 -2.4560316616833305e-14 -7.7209566026067186e-04 -1.0497448721911995e-14 -4.6546911386671238e-04 -4.9917819986040890e-15 -3.1023428935815744e-04 -4.9854326396314708e-15 -2.2092898557451497e-04 -3.2263959299366762e-15 -1.6487469729999497e-04 -2.6583553067172083e-15 -1.2738825572585112e-04 -2.2766348268393743e-15 -1.0107801583208076e-04 -9.2542754058858034e-16 -8.1893745686138512e-05 -1.0780222201023371e-15 -6.7465112165188276e-05 -7.6140130441867959e-16 -5.6329852153101286e-05 -9.7477229196382686e-16 -4.7546062648584185e-05 -6.8857679974554387e-16 -4.0484705301035153e-05 -6.2019752397959871e-16 -3.4712578339566852e-05 -4.0589141206068269e-16 -2.9923329802479256e-05 -3.0516225397320129e-16 -2.5895224237455846e-05 -5.7685993026627969e-16 -2.2464427393409262e-05 -4.7786210752298608e-16 -1.9507615360648733e-05 -3.2021233538001570e-16 -1.6930362270639264e-05 -3.8385500290491481e-16 -1.4659207812387673e-05 -2.5209055763003585e-16 -1.2636125115543521e-05 -3.8267593304233682e-16 -1.0814588108943060e-05 -2.4187195215435997e-16 1.3933827077554836e-01 -9.6477052692264809e-18 -7.6312202212774883e-06 6.6119391862670684e-17 -6.2117427973346969e-06 3.0447446322003080e-17 -4.8757420282584553e-06 -1.8528337501419467e-16 -3.6035086103953585e-06 1.4440048278201861e-16 -2.3774215796242632e-06 1.0715983222303604e-16 -1.1813261712196557e-06 7.9383292541962587e-17 1.5667239479916681e-16
-4.3612573792181177e-02 1.6808470481390409e-14 6.1452242248634625e-14 -3.9884551666463458e-15 2.3972529567782756e-14 -8.4193228000051883e-15 6.5620210944691446e-15 1.0360856395764318e-15 5.2854900456180865e-15 -3.5499688841368467e-15 3.9714013112598341e-15 1.1732031401050653e-15 1.1426260801705183e-15 -8.8524651644329269e-16 1.4230554500176570e-15 8.6301615535590897e-16 7.3780712768457489e-16 -4.6992715332116737e-16 7.8537290992831330e-16 4.9369530159760443e-16 3.7121129599173383e-16 -1.8477562724684341e-16 7.6251365138406669e-16 1.5757165901084446e-16 5.3905710020428801e-16 -2.5719574142986807e-16 1.3471065100766391e-16 -2.4619101082906967e-16 -5.2817009459202653e-17 -1.3971157685507541e-17 2.3361389130439896e-16 -8.1786582857064003e-17 -1.9822035896214652e-16 5.5636907393072633e-17 2.1723123985595790e-16 7.1341807431915892e-17 2.1271440987574608e-16 1.3363595809818457e-16 1.2835317236562102e-17 -1.0395029579534913e-16 3.2445160983063253e-16 4.3841770546159925e-17 2.3071822230491495e-16 1.0607917103896156e-16 -1.9728632219009352e-16 -4.4541557972697825e-16 1.8530901228405727e-16 3.8520395186712629e-16 3.6277596899743829e-16 8.0902221134327588e-17 1.3693689753588853e-01 -4.4363857569320137e-16 6.5265926060858314e-17 -2.8705649260712060e-17 1.7695888200391365e-16 1.2532327819088954e-16 -3.3770645491954380e-17 5.8832101481012717e-17 -2.1742772746011266e-16 -9.9323864649316814e-17 5.5929908235580471e-17 2.5350743704336216e-16 4.1061769131304193e-18 -2.4834375826146276e-17
3.2301404931898980e-14 -3.1689126611595994e-02 -2.6304330350175598e-14 -3.5180888715421596e-03 5.9817737785641811e-15 -1.2643948359040205e-03 1.1049375390342897e-16 -6.4346500662664896e-04 -3.2244511422897804e-15 -3.8792225090116824e-04 -1.6861850999673467e-15 -2.5854945097068089e-04 -1.7630482577329909e-16 -1.8412235489007894e-04 -6.1517631266827522e-16 -1.3740667594921790e-04 -8.8233728049585958e-16 -1.0616545207229464e-04 -3.6030748697124526e-16 -8.4238481674648926e-05 -5.1221776386362050e-17 -6.8250298924378081e-05 -2.1417058664735533e-16 -5.6225466714984840e-05 -1.4733629897720202e-16 -4.6945334049069587e-05 -4.1066867788319694e-16 -3.9624918377714844e-05 -3.1001405869507392e-18 -3.3739978743542792e-05 2.7742023088472845e-17 -2.8929484519515929e-05 7.4325447055670346e-17 -2.4938121790971843e-05 -1.0079692072326174e-16 -2.1581096090738440e-05 -2.6347468044113365e-16 -1.8721867853526201e-05 -9.9604298333527685e-17 -1.6257658854144358e-05 -3.9077356801808794e-16 -1.4109774515789353e-05 4.3761110186946173e-17 -1.2216992968098343e-05 1.3639263329867646e-16 -1.0530954582091770e-05 -5.4786091028408146e-17 -9.0128845004223957e-06 -6.0445965181961381e-17 -7.6312202215085758e-06 -1.2838139568354529e-16 1.3474806188060623e-01 1.3496114761781669e-16 -5.1768703361545042e-06 1.6651143083714487e-16 -4.0634464587989720e-06 -3.2037327163999402e-17 -3.0031663320825575e-06 2.3506011319254089e-17 -1.9813446327831498e-06 -1.8258642211013698e-16 -9.8451797067515749e-07 1.7029872690255566e-16 6.6868729915722165e-17
-3.5964212157722705e-02 -2.3366404407356029e-15 -1.7271035232502759e-14 -4.7459148172714774e-15 -1.5492460905933421e-14 1.8699655837799311e-15 -2.8920695106786434e-15 9.6694169805749528e-16 -9.1667947013133275e-16 -4.2632253764513387e-16 -8.6665033043985576e-16 8.9116883543889958e-16 -4.5855993580862750e-18 1.6236720805198826e-16 7.9210441915267630e-17 1.1093348669452371e-15 -1.3301810441209398e-15 8.3293444689156881e-17 7.2394603576112747e-17 -4.5080714210607407e-19 -4.6180865795412863e-16 3.5428440871590879e-16 -8.0899596991713035e-17 -1.1174922519887980e-16 2.9626684278049035e-16 2.0762851275069458e-16 -1.1244584399063752e-16 3.1546991892594886e-16 -2.0412552834556935e-16 -1.1208392127027459e-16 -1.2122839819863764e-16 -7.6924712313480189e-17 -3.4182568796126720e-17 1.4533465074224560e-16 -1.9306939142889446e-17 -1.6435787240980967e-16 -1.6549670798609671e-16 4.5722737676840203e-16 -8.0260887349494642e-17 -3.2122817348436515e-17 -1.5910623044760342e-16 -2.3596644534350121e-16 -1.8518173106052406e-16 2.7502980495813756e-16 3.0556205848997365e-16 -1.0549908599065236e-16 -1.5617440910589906e-16 5.0634519081364712e-16 -4.3579880159424174e-18 -9.9486735738238381e-17 -1.3626260590361871e-16 1.6082979934382900e-16 1.3278743905720378e-01 -1.2825168906496130e-16 1.7173685570862558e-18 3.3324566161486881e-17 -9.1797981419148087e-17 2.7301422435725408e-16 9.7402035094613062e-17 -2.0239762448049373e-16 -3.7931566623115957e-17 -2.8129981324861566e-17 -5.5627876236194586e-16 -5.6231212593574632e-19
1.1657331594168777e-14 -2.5794656459311612e-02 5.0008757443258112e-15 -2.8636918570809212e-03 1.7987727193163883e-15 -1.0292057215940749e-03 -3.3577266943425610e-15 -5.2377457393624051e-04 -3.6739071528936462e-15 -3.1576513034289693e-04 -1.5054757028683252e-15 -2.1045686576664398e-04 -2.7352387932735867e-16 -1.4987389678090132e-04 -9.2891054006769003e-16 -1.1184776547348419e-04 -9.5354564630563410e-16 -8.6417697705496875e-05 6.2670273701451173e-17 -6.8569346264331539e-05 3.6862873864507151e-17 -5.5555113133161130e-05 -2.2462297321647340e-16 -4.5767010746144057e-05 -2.5668486433594317e-16 -3.8213068444942580e-05 -3.6851354216424492e-16 -3.2254317681550303e-05 -2.1517686178869344e-16 -2.7464031158363267e-05 2.4167544051059697e-17 -2.3548333277658447e-05 4.2080596819593641e-18 -2.0299400870475615e-05 -6.1237771581054701e-16 -1.7566812948722304e-05 8.2168972147245167e-17 -1.5239427563722360e-05 9.1984389940028000e-17 -1.3233584192086304e-05 -2.1776200634371357e-16 -1.1485226172608246e-05 -7.4406762218606759e-17 -9.9445194704616126e-06 2.6812150318977074e-16 -8.5720997922393695e-06 -6.6188848564345537e-17 -7.3364047624815703e-06 -3.5935372787263692e-16 -6.2117427971822310e-06 9.9007987138660658e-17 -5.1768703361878028e-06 -3.8925060277892470e-16 1.3102066274014734e-01 -6.5160550566378816e-17 -3.3076078977679544e-06 1.7027733932063749e-16 -2.4445496644384071e-06 2.2466956002857238e-16 -1.6127962364846125e-06 -1.0272392067826527e-17 -8.0138853786788954e-07 -1.1935964776233973e-16 9.2313178029005770e-17
-2.8806895270816622e-02 5.9617908214861138e-15 -2.4372784511650726e-14 -2.0805478148557701e-15 -1.0556918124098751e-15 -8.2406146065622149e-16 -2.8312143398408317e-15 -1.0535251684933980e-15 -3.3959193993716694e-16 -7.6916516059592285e-18 -1.1546286997899412e-15 -4.2872345743154256e-16 -1.8862430489338907e-15 8.3884339343574406e-16 -5.8872793814355182e-16 -4.2847588086972207e-17 -5.7822668336096086e-16 3.9196700225599771e-16 -5.1497157804317866e-17 -5.4217008508025149e-16 -1.3226399768480514e-16 -1.9584099669865494e-16 2.1878534515185442e-16 -6.2724831294726529e-16 1.4122402146448053e-16 -9.6503203496155610e-17 1.0461564619095424e-16 1.4091545156327028e-17 -2.0540887655063829e-16 9.5720913505494153e-17 7.4061967972222028e-17 -5.6524160118232569e-17 1.3269017573295696e-16 -8.3116786921885030e-17 2.1831877026603485e-16 1.3304260204076350e-16 -4.3797430113047171e-16 -2.0341070098325838e-16 -2.9532704717620874e-16 3.0763017416206491e-17 1.6226629705011568e-16 1.1956314640759369e-16 -1.3292318634672289e-16 9.8124565250316741e-17 2.3419834303399996e-16 -1.6061428353605696e-16 -3.0760193800371905e-16 -1.4798585688063134e-17 3.5803139418885645e-16 -3.1226713864185148e-16 4.1869931615779015e-17 7.9761944005866747e-17 4.0707227963744871e-16 -3.4795581235821661e-17 1.2945701224005129e-01 1.8020471197577586e-16 -4.2662738997967695e-17 5.5384211826197631e-17 1.8039944018104448e-16 6.8883965000262911e-17 -1.6539928452216222e-16 -2.2185940716363289e-16 1.0637555373497474e-16 -1.6879500871593185e-16
8.3346873104355942e-15 -2.0246828420473411e-02 -7.1092322296000682e-15 -2.2477786347283092e-03 -2.8641368790549571e-15 -8.0784761322096553e-04 1.3030416047381255e-15 -4.1112289851185979e-04 8.4496618686299985e-16 -2.4785142710894949e-04 -4.7367098849997180e-16 -1.6519251023244645e-04 -6.2119024659378075e-16 -1.1763952265195847e-04 -4.5480248256693501e-16 -8.7791923895403392e-05 6.1558966474653531e-17 -6.7831269654577335e-05 4.4113137079825060e-16 -5.3821681668931329e-05 -1.6601845766184287e-18 -4.3606506071228152e-05 -2.3668472238537464e-16 -3.5923595855750416e-05 -1.4224393689830916e-16 -2.9994330084040441e-05 7.2851609727447864e-17 -2.5317167412087921e-05 2.5084372513167752e-16 -2.1557159618705799e-05 1.3910991499346825e-16 -1.8483636881154225e-05 -2.0652696133133253e-16 -1.5933473939281143e-05 -9.0879858976808392e-17 -1.3788601845630781e-05 2.0374530513254940e-16 -1.1961782689202627e-05 1.3166280132120844e-17 -1.0387349369833752e-05 -2.0297789328233701e-16 -9.0150223189452142e-06 9.9287508011254577e-17 -7.8056856372682341e-06 -9.4125689230686871e-17 -6.7284413715814653e-06 1.4658582778593471e-16 -5.7585154775684939e-06 -9.8443863195789294e-17 -4.8757420283502449e-06 1.1522189181500248e-16 -4.0634464584953327e-06 -5.9660765639856644e-17 -3.3076078979117959e-06 3.6557942003495603e-17 1.2807275984331329e-01 -4.3934751941133304e-17 -1.9187841364605282e-06 9.5748604357626110e-17 -1.2659214409149191e-06 -1.3882446489024355e-17 -6.2902858366513374e-07 4.1173678642968461e-16 1.1491143178688314e-16
-2.2031187191613465e-02 -3.4396023617946239e-14 1.8843573629447189e-14 1.2367504559757908e-14 -1.1043556792753845e-14 5.7745603578378376e-15 2.0733904178164396e-15 6.9203669594357474e-15 -2.5460562452274334e-15 3.9970816928044006e-16 -6.9078982074687039e-16 1.1038781804491650e-15 -7.7399580704982599e-16 3.5773450015584615e-16 -4.1063832962095929e-16 6.4018833940142779e-16 1.1798086582942457e-17 5.1924311417437799e-17 -6.8368573259060102e-16 5.7815942320043780e-16 -2.0035806456345354e-16 -2.1996019359959654e-16 -9.3710399470846724e-17 3.1688448387993137e-16 -3.2935887871081077e-16 2.0729676087005385e-16 2.0467014213488209e-16 -7.0298869999978957e-17 -1.5831857743257526e-17 3.6705414939380537e-16 -1.8604333778952043e-16 7.0792007982802592e-16 3.4934688208960184e-16 -2.0760049152192257e-16 1.5013503240230250e-17 5.8842146745760049e-17 1.1700794066852548e-16 1.5175647039905810e-16 -3.9837793928288383e-17 -1.9086048559601816e-17 -1.6615305569404751e-17 2.3671074395663543e-16 -3.4282472693991626e-16 4.3086880266520498e-17 1.4772679965477339e-16 -1.6682244916660392e-17 7.4225118762331330e-17 -3.9767219018513694e-17 1.2624920999238195e-16 -1.8969243628673625e-16 1.4076206536621434e-16 2.0398545263775890e-16 1.5647444875986440e-18 -6.3526780078215455e-17 -8.6617384703012006e-17 -3.9243629198558640e-17 1.2687255050766233e-01 -1.1372328212206858e-16 -3.8264825755510065e-17 -5.3007272026360572e-16 4.2382721032650431e-17 3.0187831068008990e-16 4.6983782748589316e-17 -2.9061927332717573e-17
-2.1901107500905265e-14 -1.4963798356640981e-02 8.6905919201470117e-15 -1.6612629663012176e-03 4.3383740068285437e-15 -5.9705493305593413e-04 -9.0281853716046856e-16 -3.0384809044297441e-04 -4.1546288436465628e-16 -1.8317924667804762e-04 3.5751498875073728e-15 -1.2208862355345894e-04 1.3059181286270011e-15 -8.6943696029422884e-05 2.9258550877236944e-16 -6.4884268252200723e-05 -4.0305215762148627e-16 -5.0131972292149663e-05 4.5230881757021835e-16 -3.9777923484690684e-05 7.6135725870542237e-16 -3.2228206331069530e-05 1.6441925945742675e-16 -2.6550007412610166e-05 5.6413410726673108e-16 -2.2167872315562817e-05 2.8583973838043619e-16 -1.8711127502972418e-05 -1.6776673366497574e-16 -1.5932223208844348e-05 2.1958482124620482e-16 -1.3660678573892263e-05 -1.7093971908539035e-16 -1.1775932812800313e-05 2.7646985991790912e-16 -1.0190724855864436e-05 1.0093244599482243e-16 -8.8405798888354146e-06 -4.0091085833082740e-16 -7.6769654090443249e-06 3.2474396164782621e-16 -6.6627213584727176e-06 4.5517856519551592e-17 -5.7689383983441153e-06 -3.2142359249458935e-16 -4.9727808151769643e-06 -1.5113608877858481e-16 -4.2559388878106066e-06 -1.1290864483605098e-16 -3.6035086108442487e-06 5.0236677068705299e-17 -3.0031663323396515e-06 7.8586869813306731e-17 -2.4445496644042708e-06 -1.9966938259036171e-16 -1.9187841362587345e-06 -2.2910208344155414e-16 1.2584086670046032e-01 1.0414015976607446e-16 -9.3560298856854929e-07 1.8566962203814263e-16 -4.6489537494662363e-07 -4.0931961909601686e-16 -7.4946548385525402e-18
-1.5540379638492278e-02 -4.3812509704242896e-14 4.0733809615286773e-15 1.9997708428691896e-14 -1.4290517401931848e-14 6.3455154278212922e-15 -1.1095635309644260e-14 6.8906600232106014e-15 -8.8740730379134967e-16 -1.0997643658575675e-15 1.3749413284350335e-16 1.1951167037947385e-15 -2.0281030291383535e-15 1.0656249951330432e-15 -6.6657973805016128e-16 8.9200619184090274e-16 -6.2495751312125336e-16 1.3312133715610189e-16 7.9784002502530474e-17 1.0567263999418578e-15 -1.1077097649406104e-16 3.0670177926617142e-17 -2.4464762697807930e-16 2.8998320761159162e-16 -1.7955156028230989e-16 1.9021376296862193e-18 -4.7059973686457426e-16 3.3577312990250439e-16 -1.8306537268793574e-17 5.3311845250715995e-16 -1.3301381921527585e-16 -1.2621463578068302e-16 -1.9995253828157007e-16 1.4939080450345062e-16 -2.9867526229341046e-16 5.2832313168760333e-16 2.1875373856137283e-17 8.0090112204258823e-17 -4.6276798511514706e-16 3.9133131148653275e-17 1.6754852753486916e-16 2.1351599372700613e-16 -1.8962695996771441e-16 3.4432708799524397e-17 3.8694586297485094e-16 8.6884199359923785e-17 -2.9755682550109907e-16 2.1514351227892414e-16 2.7788783019124686e-16 -1.5588656945985114e-16 -3.1885805709382851e-17 2.2947975247471807e-16 -2.9074006761303021e-16 8.1456682609817205e-18 1.4429507652215104e-16 -3.4916666403932827e-16 -1.6504429250458011e-16 1.9454321719724099e-16 1.2497922337588241e-01 2.2240060223244748e-16 2.0057180503611873e-16 3.8651349043960147e-16 -1.0532545382059598e-16 -2.5959316360560132e-17
8.1078802627646256e-14 -9.8723940943653415e-03 -5.3980708385236234e-14 -1.0960213648060371e-03 -1.0140426028710202e-14 -3.9390811440732232e-04 -7.4126851710857103e-15 -2.0046434883794502e-04 -1.5351675958013775e-15 -1.2085285233084884e-04 -2.9479575654493481e-15 -8.0548198885185924e-05 -1.5456606399519637e-15 -5.7361266888146174e-05 6.3542717637123103e-17 -4.2807517948257294e-05 -6.6631338575991184e-16 -3.3074662956302616e-05 -1.0061294516711811e-15 -2.6243559792814479e-05 2.0485661235934705e-16 -2.1262619708166057e-05 2.3730813863455380e-16 -1.7516417298426316e-05 -1.2686012451027656e-16 -1.4625295430857895e-05 2.4627821754597684e-16 -1.2344701542858127e-05 -2.4019143878700744e-16 -1.0511314211145624e-05 3.7166958692571445e-16 -9.0126583679677457e-06 -3.5687869760075985e-16 -7.7691938093194483e-06 -7.7520455332713567e-17 -6.7233498799936330e-06 -1.1673808079058767e-17 -5.8325892002251529e-06 6.9521923211791209e-17 -5.0648923598760492e-06 -5.5312945521600321e-17 -4.3957429409303179e-06 -5.2160288891919815e-18 -3.8060679521680451e-06 1.7063478722437880e-17 -3.2808014904235818e-06 -1.2218365560848557e-16 -2.8078636816323953e-06 2.6897531240060307e-17 -2.3774215797189064e-06 1.0095785698324006e-17 -1.9813446327081192e-06 -1.1835718426926427e-16 -1.6127962362818967e-06 1.6084901558474987e-16 -1.2659214410515421e-06 1.2815820250194378e-16 -9.3560298851272792e-07 -2.3273161962053882e-16 1.2427832889172440e-01 1.8675064783707594e-17 -3.0671559732915457e-07 -3.2310071773015286e-17 5.1271009975709570e-17
-9.2469448510855527e-03 7.0191758848890196e-15 -1.0150082619246891e-13 -4.5694531653419313e-15 -1.8801531881525601e-14 -8.4375325289886707e-16 -8.3844509166591234e-15 -9.7220397293203898e-16 -4.0316078224767799e-15 -6.3068483368116690e-16 -1.5550513338655435e-15 2.2807134762776049e-16 -1.4773623700303881e-15 -1.0616095698888650e-16 -4.2655824316848758e-16 -6.4459536400471708e-16 -1.0440742254296011e-15 -2.0638003680148598e-16 -2.1455636030817228e-16 -5.1501329084687212e-17 -1.4978226318935002e-16 -2.7953231393459099e-16 -7.3850350804364540e-16 2.5109588370670172e-16 3.2996885435754786e-16 1.0524630855909959e-16 -3.4739370495534420e-16 -2.5247738626953278e-16 4.8658048823017623e-17 1.1143768836384782e-16 -1.6286445565106969e-16 1.7197371892651996e-16 -2.5629124012043874e-16 1.6232875232965081e-16 -4.5690530806295157e-16 1.6067397992151271e-18 3.2955795212374091e-17 -2.0363050191708861e-16 -2.9946973745918435e-17 2.3626212012095982e-16 -8.7450116213927646e-17 -1.9076026543070304e-16 1.2696007439805272e-16 -1.3011255740713923e-16 -2.7422693724819366e-16 1.7836210145297334e-16 3.2208271142803792e-16 -3.7557742089531562e-16 -1.8294490390123423e-18 1.9083926095267677e-16 1.4367725634245834e-16 9.1044865433865321e-17 -5.0555778435471097e-16 -4.9178402247100342e-17 3.1798529673210295e-16 -3.6732696537298211e-16 2.5143010610554219e-17 1.3156794339900794e-17 4.1202462110941754e-16 -1.1950572039615372e-16 1.2373790005412164e-01 2.3348655139406972e-16 -9.9150823479132855e-17 -1.4190565091485734e-16
-7.2507540285591957e-14 -4.9055319504359924e-03 5.4914846812654378e-14 -5.4460628010301380e-04 3.7904487220404709e-15 -1.9573052111757154e-04 3.0986210098433650e-15 -9.9609502892512546e-05 6.1326879447105853e-17 -6.0051039566833179e-05 5.1337226977072811e-16 -4.0023904982259039e-05 1.9611489353050376e-15 -2.8502460978638541e-05 2.5515512283320191e-16 -2.1270792575476849e-05 1.0504512976692096e-15 -1.6434596748301665e-05 4.9796135232838337e-16 -1.3040263568971428e-05 -5.5550114746831525e-17 -1.0565265054463156e-05 9.1366648811595438e-16 -8.7038001006029023e-06 2.9271086964856308e-16 -7.2672194137818297e-06 2.3623664195627711e-16 -6.1340063266892243e-06 2.3450445957914207e-16 -5.2230074299069558e-06 4.1595246940816927e-17 -4.4783345515763302e-06 3.3586973941001144e-16 -3.8604646547011294e-06 -7.8196387624622499e-17 -3.3407912344940917e-06 2.3024896605213646e-17 -2.8981777266711139e-06 2.8899493610895846e-17 -2.5167138851696228e-06 -2.1879581005583744e-16 -2.1842176511323616e-06 2.5651630477943957e-16 -1.8912117734560760e-06 1.8331444692830205e-16 -1.6302100972410602e-06 -4.8381674914218381e-17 -1.3952102065150940e-06 4.0761173597655617e-16 -1.1813261715640428e-06 2.1745283931796575e-16 -9.8451797072805724e-07 -1.0453657118538948e-17 -8.0138853782113607e-07 3.8234643722585490e-17 -6.2902858346903778e-07 -4.9464394779046190e-17 -4.6489537499921590e-07 -3.2027798043342791e-17 -3.0671559753740344e-07 -7.3223986586884535e-17 1.2335320787323262e-01 -2.7739013474532132e-16 1.6418816104113436e-16
-3.0695515572039473e-03 -4.5727992816705644e-14 3.9396997104490192e-14 3.1963239703805685e-15 3.6924296926832425e-15 1.4684783529334402e-14 -4.4425731331865257e-15 1.0228600897700302e-14 -5.0412973752096981e-16 2.5447040430276811e-15 1.0694990881521370e-15 1.4618132585582401e-15 5.5449357150258282e-16 1.4822028050479913e-15 5.4210521700582669e-16 -2.1646118602967446e-17 2.0710331559578695e-16 1.2077823969079558e-15 2.5131669855590325e-16 5.9995440956602771e-16 5.5483845196122106e-16 8.5261567702338353e-17 -2.6015881308971118e-16 5.1282635955538947e-16 2.0817670950258357e-16 2.1207694497541532e-16 6.6082347953447629e-17 5.6231471408290611e-16 -5.0084583985978757e-16 3.8902525114304629e-16 1.0440042377947480e-16 2.2630747641696802e-16 -7.6010836719921211e-17 2.9168568095812373e-16 -8.4463728312667460e-17 -1.5621244605140435e-16 3.2859337674271238e-16 -5.8903334789854083e-17 -1.1644562532664627e-16 3.6111073413314317e-16 -2.5272276292351106e-17 -9.6569593350241565e-17 3.4667364465224251e-17 3.2425277543534254e-18 2.0412892687650576e-16 -3.3639922257842818e-17 -2.4132452763558815e-16 1.8296010786117881e-16 4.7452886120737720e-16 -2.1640707859430485e-16 -3.7814106600210655e-16 3.7810754519037875e-16 1.6224227912249981e-18 -3.1251807973352880e-16 1.2599801331287466e-16 2.8506746464287481e-16 2.4329774454892918e-16 -6.3272739349704660e-17 -1.4282316111436924e-16 1.0640015593680101e-17 -1.7498793552361339e-16 -2.7944748077028742e-16 1.2312340104364598e-01 -2.4670328290556527e-16
-4.5849999776828683e-14 -7.9619174620894341e-15 3.2081401369748005e-14 1.4707948354952570e-14 1.2386714000038129e-14 -6.7423247091467454e-15 -3.1341952924815809e-15 2.4478778656150621e-15 -3.8698013596411074e-15 5.9836578365389235e-15 -2.1500753917961326e-15 3.8497488757536509e-16 7.0801161144185200e-16 -1.3797279906500778e-15 1.4088352358544859e-16 1.5338480339411998e-15 -6.8275333163067942e-16 -9.4257351342483411e-16 9.2861824138780829e-16 -4.5251937707549720e-16 6.9650084159140857e-16 -7.7314172278101687e-16 9.4676047826718245e-17 -8.3997562661920977e-17 8.9590334540207926e-16 -5.4260460368224389e-16 8.1083109889140697e-16 -1.0404566068736917e-15 4.0250227480775530e-16 -1.7375581026133044e-16 4.1243146761368098e-16 -4.7013331991230283e-16 2.1876572661391587e-16 3.0425351741984737e-16 3.3835720854127465e-17 -4.5318467441690700e-17 5.8787192159745090e-17 -4.6334010899422959e-16 4.7479589898530221e-16 -4.5563264919907266e-16 5.6736513187647071e-16 -2.0577825652046200e-16 -7.8174509387240605e-17 8.1779094529549226e-17 -2.5589256498643005e-16 4.9171675242254384e-16 -1.0958985360583259e-16 -5.3257981439794974e-17 -2.0084802995401627e-16 1.5667239479917123e-16 -2.4834375826145210e-17 6.6868729915716951e-17 -5.6231212593463853e-19 9.2313178029010416e-17 -1.6879500871592830e-16 1.1491143178688430e-16 -2.9061927332722127e-17 -7.4946548385511042e-18 -2.5959316360554530e-17 5.1271009975708362e-17 -1.4190565091486570e-16 1.6418816104113559e-16 -2.4670328290555211e-16 1.1276913819778930e-28
